1250
0.02
4
0.2
0.2
0.2
0.2
0.206
0.198837
0.206997
0.206997
0.21198
0.197592
0.213947
0.213987
0.21794
0.19627
0.22085
0.22097
0.22388
0.194875
0.227707
0.227946
0.229801
0.193414
0.234518
0.234913
0.235702
0.191889
0.241284
0.241871
0.241583
0.190305
0.248004
0.248819
0.247444
0.188667
0.254678
0.255757
0.253284
0.186979
0.261307
0.262682
0.259104
0.185245
0.267891
0.269595
0.264904
0.183467
0.274429
0.276495
0.270683
0.181651
0.280923
0.28338
0.27644
0.179798
0.287371
0.290249
0.282175
0.177914
0.293774
0.297101
0.287888
0.176
0.300131
0.303934
0.293579
0.17406
0.306444
0.310749
0.299246
0.172097
0.31271
0.317543
0.30489
0.170113
0.318932
0.324315
0.31051
0.168112
0.325107
0.331064
0.316104
0.166095
0.331237
0.337789
0.321673
0.164066
0.33732
0.344488
0.327217
0.162026
0.343357
0.351161
0.332733
0.159978
0.349348
0.357805
0.338222
0.157923
0.355292
0.36442
0.343683
0.155864
0.36119
0.371003
0.349115
0.153803
0.36704
0.377555
0.354518
0.151741
0.372842
0.384074
0.35989
0.149681
0.378597
0.390558
0.365232
0.147622
0.384303
0.397006
0.370542
0.145569
0.389962
0.403416
0.375819
0.14352
0.395572
0.409789
0.381063
0.141479
0.401132
0.416122
0.386273
0.139445
0.406644
0.422414
0.391449
0.137421
0.412106
0.428664
0.396589
0.135408
0.417518
0.434871
0.401693
0.133406
0.422879
0.441034
0.40676
0.131416
0.42819
0.447152
0.411788
0.129439
0.43345
0.453224
0.416779
0.127477
0.438659
0.459248
0.42173
0.12553
0.443816
0.465223
0.426641
0.123598
0.448921
0.47115
0.431512
0.121682
0.453974
0.477026
0.436341
0.119784
0.458974
0.482851
0.441127
0.117903
0.463921
0.488624
0.445871
0.116039
0.468815
0.494344
0.450571
0.114194
0.473655
0.500011
0.455227
0.112368
0.478441
0.505623
0.459838
0.110561
0.483173
0.51118
0.464403
0.108774
0.48785
0.516681
0.468921
0.107006
0.492472
0.522125
0.473393
0.105259
0.497039
0.527513
0.477816
0.103532
0.50155
0.532842
0.482192
0.101825
0.506005
0.538113
0.486518
0.100139
0.510404
0.543326
0.490795
0.0984736
0.514746
0.548479
0.495022
0.0968293
0.519032
0.553572
0.499198
0.095206
0.52326
0.558604
0.503323
0.0936037
0.527431
0.563576
0.507395
0.0920226
0.531545
0.568487
0.511416
0.0904627
0.5356
0.573336
0.515383
0.0889238
0.539597
0.578123
0.519297
0.0874061
0.543536
0.582848
0.523156
0.0859095
0.547416
0.587511
0.526961
0.0844339
0.551237
0.592111
0.530711
0.0829793
0.554999
0.596647
0.534406
0.0815456
0.558701
0.601121
0.538044
0.0801326
0.562343
0.605531
0.541626
0.0787404
0.565926
0.609878
0.545151
0.0773688
0.569448
0.61416
0.548618
0.0760176
0.57291
0.618379
0.552028
0.0746867
0.576311
0.622534
0.555379
0.073376
0.579652
0.626625
0.558671
0.0720853
0.582931
0.630651
0.561905
0.0708145
0.586149
0.634613
0.565079
0.0695633
0.589305
0.638511
0.568192
0.0683317
0.5924
0.642344
0.571246
0.0671194
0.595432
0.646112
0.574239
0.0659263
0.598403
0.649816
0.57717
0.0647521
0.601311
0.653456
0.58004
0.0635967
0.604157
0.65703
0.582849
0.0624599
0.606939
0.660541
0.585595
0.0613414
0.609659
0.663986
0.588278
0.0602411
0.612316
0.667367
0.590898
0.0591588
0.614909
0.670683
0.593455
0.0580942
0.617439
0.673935
0.595949
0.0570471
0.619905
0.677122
0.598378
0.0560174
0.622306
0.680245
0.600743
0.0550048
0.624644
0.683302
0.603043
0.0540091
0.626917
0.686296
0.605278
0.0530301
0.629126
0.689224
0.607448
0.0520675
0.631269
0.692089
0.609552
0.0511212
0.633348
0.694888
0.61159
0.050191
0.635361
0.697623
0.613562
0.0492765
0.637309
0.700294
0.615467
0.0483777
0.639191
0.7029
0.617304
0.0474942
0.641008
0.705442
0.619075
0.0466259
0.642758
0.707919
0.620778
0.0457726
0.644442
0.710331
0.622413
0.0449341
0.64606
0.712679
0.623979
0.04411
0.64761
0.714963
0.625477
0.0433003
0.649094
0.717182
0.626906
0.0425047
0.650511
0.719336
0.628266
0.0417231
0.65186
0.721426
0.629556
0.0409551
0.653142
0.723451
0.630777
0.0402006
0.654356
0.725411
0.631927
0.0394594
0.655502
0.727306
0.633007
0.0387313
0.656579
0.729137
0.634016
0.0380161
0.657588
0.730902
0.634955
0.0373135
0.658529
0.732603
0.635822
0.0366235
0.659401
0.734238
0.636617
0.0359458
0.660204
0.735808
0.637341
0.0352802
0.660937
0.737313
0.637994
0.0346265
0.661602
0.738752
0.638574
0.0339845
0.662196
0.740125
0.639081
0.0333541
0.662721
0.741433
0.639516
0.032735
0.663177
0.742674
0.639878
0.0321271
0.663562
0.74385
0.640168
0.0315302
0.663877
0.744959
0.640384
0.0309442
0.664121
0.746002
0.640527
0.0303687
0.664295
0.746979
0.640596
0.0298038
0.664399
0.747888
0.640592
0.0292491
0.664432
0.74873
0.640515
0.0287046
0.664395
0.749506
0.640364
0.02817
0.664286
0.750213
0.640139
0.0276453
0.664107
0.750854
0.63984
0.0271301
0.663857
0.751426
0.639468
0.0266245
0.663536
0.75193
0.639022
0.0261281
0.663145
0.752366
0.638502
0.025641
0.662682
0.752734
0.637909
0.0251628
0.662149
0.753033
0.637243
0.0246935
0.661546
0.753262
0.636503
0.0242329
0.660872
0.753423
0.635691
0.0237809
0.660127
0.753514
0.634805
0.0233372
0.659312
0.753536
0.633847
0.0229019
0.658428
0.753488
0.632816
0.0224747
0.657473
0.75337
0.631714
0.0220555
0.656449
0.753182
0.63054
0.0216441
0.655356
0.752924
0.629295
0.0212405
0.654194
0.752595
0.627979
0.0208444
0.652964
0.752196
0.626593
0.0204558
0.651665
0.751725
0.625137
0.0200746
0.650299
0.751184
0.623612
0.0197006
0.648865
0.750572
0.622018
0.0193336
0.647365
0.749889
0.620357
0.0189736
0.645799
0.749135
0.618628
0.0186205
0.644167
0.748309
0.616833
0.018274
0.64247
0.747413
0.614972
0.0179342
0.640708
0.746445
0.613047
0.0176009
0.638884
0.745407
0.611058
0.017274
0.636996
0.744297
0.609006
0.0169533
0.635047
0.743117
0.606892
0.0166388
0.633036
0.741866
0.604717
0.0163304
0.630965
0.740544
0.602482
0.0160279
0.628834
0.739152
0.600189
0.0157312
0.626645
0.73769
0.597838
0.0154404
0.624399
0.736158
0.595431
0.0151551
0.622096
0.734557
0.592968
0.0148754
0.619738
0.732887
0.590452
0.0146012
0.617325
0.731149
0.587883
0.0143324
0.61486
0.729342
0.585263
0.0140688
0.612343
0.727468
0.582594
0.0138104
0.609775
0.725527
0.579876
0.0135571
0.607157
0.72352
0.577112
0.0133088
0.604492
0.721447
0.574302
0.0130654
0.601779
0.719309
0.571448
0.0128269
0.599022
0.717108
0.568552
0.0125931
0.59622
0.714842
0.565615
0.012364
0.593376
0.712515
0.562639
0.0121395
0.59049
0.710126
0.559626
0.0119196
0.587565
0.707677
0.556577
0.011704
0.584601
0.705169
0.553494
0.0114929
0.581601
0.702602
0.550378
0.011286
0.578566
0.699978
0.547232
0.0110834
0.575497
0.697298
0.544057
0.010885
0.572396
0.694564
0.540854
0.0106906
0.569265
0.691776
0.537626
0.0105003
0.566105
0.688937
0.534373
0.0103139
0.562918
0.686046
0.531099
0.0101314
0.559705
0.683107
0.527804
0.00995278
0.556468
0.68012
0.52449
0.00977793
0.553209
0.677086
0.52116
0.00960679
0.549929
0.674009
0.517814
0.00943932
0.546631
0.670888
0.514454
0.00927545
0.543315
0.667726
0.511083
0.00911514
0.539983
0.664524
0.507701
0.00895832
0.536637
0.661284
0.504311
0.00880496
0.533278
0.658008
0.500914
0.00865499
0.529909
0.654698
0.497512
0.00850837
0.526531
0.651355
0.494106
0.00836505
0.523145
0.647981
0.490699
0.00822498
0.519753
0.644578
0.487291
0.00808813
0.516356
0.641148
0.483884
0.00795444
0.512957
0.637693
0.48048
0.00782388
0.509557
0.634214
0.477081
0.0076964
0.506157
0.630714
0.473687
0.00757197
0.502759
0.627194
0.470301
0.00745054
0.499364
0.623656
0.466923
0.00733208
0.495974
0.620103
0.463556
0.00721656
0.49259
0.616536
0.4602
0.00710393
0.489214
0.612957
0.456857
0.00699417
0.485848
0.609368
0.453529
0.00688725
0.482492
0.60577
0.450217
0.00678313
0.479148
0.602167
0.446921
0.00668179
0.475818
0.598559
0.443644
0.00658319
0.472502
0.594949
0.440386
0.00648731
0.469203
0.591338
0.437149
0.00639413
0.465921
0.587729
0.433934
0.00630362
0.462657
0.584122
0.430742
0.00621575
0.459414
0.580521
0.427574
0.00613051
0.456192
0.576926
0.424432
0.00604788
0.452992
0.57334
0.421316
0.00596782
0.449816
0.569764
0.418227
0.00589034
0.446664
0.566201
0.415167
0.0058154
0.443539
0.562651
0.412137
0.005743
0.44044
0.559117
0.409137
0.00567311
0.43737
0.555599
0.406169
0.00560572
0.434328
0.552101
0.403233
0.00554083
0.431317
0.548624
0.40033
0.00547841
0.428337
0.545168
0.397462
0.00541847
0.425389
0.541736
0.394629
0.00536097
0.422474
0.538329
0.391831
0.00530593
0.419594
0.534949
0.38907
0.00525333
0.416748
0.531598
0.386347
0.00520317
0.413939
0.528276
0.383662
0.00515543
0.411166
0.524985
0.381016
0.00511011
0.408431
0.521727
0.37841
0.00506722
0.405734
0.518503
0.375844
0.00502674
0.403077
0.515314
0.37332
0.00498867
0.40046
0.512162
0.370837
0.00495302
0.397883
0.509047
0.368397
0.00491977
0.395349
0.505973
0.366
0.00488894
0.392857
0.502938
0.363647
0.00486051
0.390408
0.499946
0.361338
0.0048345
0.388003
0.496996
0.359075
0.00481091
0.385643
0.494091
0.356857
0.00478972
0.383328
0.49123
0.354685
0.00477096
0.38106
0.488417
0.35256
0.00475462
0.378838
0.485651
0.350482
0.0047407
0.376663
0.482933
0.348452
0.00472921
0.374536
0.480265
0.346471
0.00472016
0.372458
0.477648
0.344539
0.00471354
0.370429
0.475083
0.342656
0.00470936
0.36845
0.47257
0.340823
0.00470762
0.366521
0.470111
0.33904
0.00470833
0.364644
0.467707
0.337309
0.0047115
0.362818
0.465359
0.335629
0.00471712
0.361044
0.463067
0.334
0.0047252
0.359322
0.460832
0.332425
0.00473574
0.357654
0.458656
0.330902
0.00474875
0.35604
0.456539
0.329432
0.00476422
0.35448
0.454482
0.328016
0.00478216
0.352975
0.452485
0.326654
0.00480256
0.351526
0.450551
0.325347
0.00482544
0.350132
0.448679
0.324095
0.00485077
0.348794
0.44687
0.322899
0.00487857
0.347514
0.445125
0.321758
0.00490882
0.34629
0.443444
0.320674
0.00494153
0.345125
0.441829
0.319647
0.00497667
0.344017
0.44028
0.318676
0.00501425
0.342969
0.438799
0.317763
0.00505425
0.34198
0.437384
0.316908
0.00509666
0.34105
0.436038
0.316112
0.00514146
0.34018
0.43476
0.315374
0.00518864
0.339371
0.433552
0.314695
0.00523818
0.338623
0.432414
0.314076
0.00529005
0.337936
0.431346
0.313516
0.00534423
0.33731
0.43035
0.313016
0.00540069
0.336747
0.429425
0.312577
0.00545941
0.336246
0.428573
0.312199
0.00552033
0.335809
0.427793
0.311882
0.00558345
0.335434
0.427086
0.311627
0.0056487
0.335123
0.426453
0.311433
0.00571605
0.334875
0.425895
0.311301
0.00578545
0.334692
0.425411
0.311232
0.00585685
0.334574
0.425001
0.311225
0.0059302
0.33452
0.424667
0.311281
0.00600545
0.334531
0.424409
0.3114
0.00608252
0.334608
0.424227
0.311582
0.00616136
0.33475
0.424121
0.311828
0.0062419
0.334957
0.424092
0.312137
0.00632406
0.335231
0.424139
0.312511
0.00640777
0.335571
0.424263
0.312948
0.00649296
0.335977
0.424465
0.31345
0.00657953
0.336449
0.424743
0.314015
0.00666741
0.336988
0.4251
0.314645
0.00675649
0.337593
0.425533
0.31534
0.0068467
0.338265
0.426044
0.316099
0.00693792
0.339003
0.426633
0.316922
0.00703007
0.339808
0.427298
0.31781
0.00712303
0.34068
0.428042
0.318762
0.0072167
0.341618
0.428862
0.319778
0.00731098
0.342622
0.429759
0.320858
0.00740574
0.343693
0.430733
0.322003
0.00750088
0.34483
0.431784
0.323211
0.00759628
0.346032
0.432911
0.324483
0.00769182
0.3473
0.434113
0.325818
0.00778737
0.348634
0.435391
0.327216
0.00788283
0.350032
0.436744
0.328678
0.00797806
0.351495
0.438171
0.330201
0.00807294
0.353023
0.439672
0.331787
0.00816735
0.354614
0.441247
0.333435
0.00826117
0.356268
0.442894
0.335143
0.00835426
0.357985
0.444613
0.336913
0.00844651
0.359765
0.446403
0.338742
0.00853779
0.361606
0.448263
0.340631
0.00862798
0.363508
0.450192
0.342579
0.00871695
0.36547
0.45219
0.344586
0.00880459
0.367491
0.454256
0.346649
0.00889079
0.369572
0.456388
0.34877
0.00897542
0.37171
0.458585
0.350947
0.00905837
0.373905
0.460846
0.353179
0.00913954
0.376157
0.463171
0.355465
0.00921881
0.378464
0.465557
0.357805
0.00929609
0.380825
0.468004
0.360198
0.00937127
0.383239
0.47051
0.362641
0.00944427
0.385705
0.473074
0.365136
0.00951498
0.388222
0.475694
0.36768
0.00958332
0.390789
0.478369
0.370272
0.00964921
0.393404
0.481097
0.372911
0.00971258
0.396067
0.483878
0.375597
0.00977335
0.398776
0.486709
0.378327
0.00983144
0.40153
0.489588
0.381101
0.00988681
0.404328
0.492515
0.383917
0.0099394
0.407167
0.495487
0.386774
0.00998914
0.410048
0.498503
0.389671
0.010036
0.412968
0.501561
0.392607
0.0100799
0.415925
0.504659
0.395579
0.0101209
0.41892
0.507795
0.398587
0.0101589
0.421949
0.510968
0.401629
0.0101939
0.425012
0.514176
0.404704
0.0102258
0.428106
0.517418
0.407809
0.0102547
0.431231
0.52069
0.410945
0.0102805
0.434385
0.523992
0.414109
0.0103033
0.437567
0.527322
0.4173
0.010323
0.440774
0.530677
0.420516
0.0103396
0.444005
0.534057
0.423755
0.0103532
0.447258
0.537458
0.427017
0.0103638
0.450533
0.54088
0.430299
0.0103713
0.453826
0.54432
0.4336
0.0103759
0.457138
0.547777
0.436918
0.0103775
0.460465
0.551249
0.440252
0.0103762
0.463807
0.554734
0.443601
0.0103719
0.467162
0.55823
0.446962
0.0103649
0.470528
0.561736
0.450334
0.0103549
0.473904
0.565249
0.453716
0.0103423
0.477287
0.568769
0.457106
0.0103269
0.480678
0.572293
0.460502
0.0103088
0.484073
0.575819
0.463902
0.010288
0.487471
0.579347
0.467307
0.0102647
0.490871
0.582874
0.470713
0.0102389
0.494271
0.586399
0.474119
0.0102106
0.49767
0.58992
0.477524
0.0101799
0.501066
0.593436
0.480926
0.0101469
0.504458
0.596945
0.484324
0.0101116
0.507845
0.600446
0.487716
0.010074
0.511224
0.603937
0.491101
0.0100343
0.514594
0.607417
0.494477
0.00999253
0.517954
0.610885
0.497844
0.0099487
0.521303
0.614339
0.501198
0.0099029
0.524639
0.617778
0.504541
0.0098552
0.527961
0.6212
0.507869
0.00980567
0.531268
0.624605
0.511181
0.00975436
0.534557
0.627991
0.514477
0.00970135
0.537829
0.631357
0.517754
0.00964669
0.541082
0.634702
0.521012
0.00959046
0.544313
0.638025
0.52425
0.00953271
0.547524
0.641324
0.527465
0.00947352
0.550711
0.644599
0.530658
0.00941294
0.553874
0.647848
0.533826
0.00935103
0.557012
0.651072
0.536969
0.00928786
0.560124
0.654268
0.540085
0.00922349
0.563209
0.657436
0.543174
0.00915798
0.566265
0.660575
0.546234
0.00909138
0.569291
0.663684
0.549263
0.00902377
0.572287
0.666762
0.552262
0.00895518
0.575252
0.669809
0.555229
0.00888568
0.578184
0.672824
0.558163
0.00881533
0.581083
0.675805
0.561063
0.00874418
0.583947
0.678753
0.563928
0.00867228
0.586776
0.681667
0.566757
0.00859968
0.589569
0.684545
0.569549
0.00852644
0.592325
0.687388
0.572303
0.0084526
0.595044
0.690194
0.575019
0.00837821
0.597723
0.692964
0.577695
0.00830333
0.600364
0.695696
0.58033
0.00822798
0.602964
0.698391
0.582925
0.00815223
0.605523
0.701046
0.585477
0.00807612
0.60804
0.703663
0.587986
0.00799968
0.610515
0.70624
0.590452
0.00792297
0.612946
0.708778
0.592873
0.00784601
0.615334
0.711274
0.595249
0.00776885
0.617677
0.71373
0.597579
0.00769153
0.619975
0.716145
0.599862
0.00761408
0.622226
0.718518
0.602097
0.00753655
0.624432
0.720849
0.604285
0.00745895
0.62659
0.723137
0.606423
0.00738134
0.6287
0.725382
0.608512
0.00730374
0.630761
0.727584
0.610551
0.00722619
0.632774
0.729743
0.612539
0.00714871
0.634737
0.731857
0.614475
0.00707133
0.63665
0.733927
0.616359
0.00699408
0.638512
0.735952
0.61819
0.006917
0.640322
0.737933
0.619968
0.00684011
0.642081
0.739868
0.621692
0.00676342
0.643787
0.741757
0.623361
0.00668698
0.64544
0.7436
0.624975
0.0066108
0.647039
0.745397
0.626532
0.0065349
0.648585
0.747148
0.628034
0.00645931
0.650076
0.748851
0.629479
0.00638405
0.651512
0.750507
0.630866
0.00630915
0.652893
0.752115
0.632195
0.00623461
0.654217
0.753676
0.633465
0.00616046
0.655485
0.755188
0.634676
0.00608671
0.656696
0.756652
0.635828
0.0060134
0.657849
0.758067
0.636919
0.00594052
0.658945
0.759433
0.63795
0.0058681
0.659982
0.760749
0.638919
0.00579615
0.660961
0.762016
0.639827
0.0057247
0.66188
0.763232
0.640672
0.00565374
0.662739
0.764398
0.641455
0.0055833
0.663539
0.765513
0.642175
0.00551339
0.664278
0.766577
0.642831
0.00544401
0.664956
0.767589
0.643424
0.00537519
0.665573
0.768549
0.643952
0.00530693
0.666128
0.769457
0.644415
0.00523925
0.666621
0.770313
0.644813
0.00517214
0.667052
0.771116
0.645145
0.00510563
0.66742
0.771865
0.645412
0.00503972
0.667725
0.772561
0.645612
0.00497442
0.667966
0.773202
0.645746
0.00490974
0.668144
0.773789
0.645813
0.00484568
0.668258
0.774322
0.645812
0.00478225
0.668307
0.774799
0.645744
0.00471945
0.668292
0.77522
0.645609
0.0046573
0.668213
0.775585
0.645405
0.0045958
0.668068
0.775894
0.645134
0.00453496
0.667858
0.776147
0.644794
0.00447477
0.667582
0.776342
0.644385
0.00441525
0.667241
0.776479
0.643908
0.00435639
0.666834
0.776558
0.643362
0.0042982
0.666361
0.776579
0.642747
0.00424069
0.665823
0.776541
0.642063
0.00418386
0.665218
0.776444
0.641311
0.0041277
0.664547
0.776287
0.64049
0.00407223
0.66381
0.77607
0.639599
0.00401744
0.663007
0.775793
0.638641
0.00396333
0.662138
0.775455
0.637613
0.00390991
0.661202
0.775056
0.636517
0.00385718
0.660201
0.774595
0.635353
0.00380515
0.659134
0.774072
0.634121
0.0037538
0.658002
0.773488
0.632821
0.00370314
0.656803
0.77284
0.631454
0.00365317
0.65554
0.77213
0.63002
0.0036039
0.654212
0.771357
0.628519
0.00355531
0.652819
0.77052
0.626952
0.00350742
0.651362
0.76962
0.62532
0.00346022
0.649841
0.768655
0.623622
0.00341371
0.648257
0.767627
0.62186
0.00336788
0.646609
0.766534
0.620034
0.00332275
0.6449
0.765377
0.618145
0.00327831
0.643128
0.764155
0.616193
0.00323455
0.641295
0.762868
0.61418
0.00319148
0.639401
0.761517
0.612106
0.00314909
0.637447
0.7601
0.609972
0.00310739
0.635433
0.758619
0.607778
0.00306637
0.633362
0.757073
0.605527
0.00302603
0.631232
0.755463
0.603219
0.00298638
0.629045
0.753788
0.600854
0.0029474
0.626803
0.752048
0.598435
0.0029091
0.624505
0.750244
0.595962
0.00287147
0.622153
0.748376
0.593436
0.00283452
0.619748
0.746444
0.590859
0.00279825
0.617291
0.744449
0.588231
0.00276264
0.614783
0.742391
0.585555
0.00272771
0.612226
0.74027
0.582831
0.00269344
0.609619
0.738087
0.580061
0.00265985
0.606965
0.735843
0.577247
0.00262692
0.604264
0.733537
0.574389
0.00259466
0.601519
0.731171
0.571489
0.00256307
0.59873
0.728746
0.568549
0.00253214
0.595898
0.726262
0.56557
0.00250187
0.593026
0.723719
0.562554
0.00247227
0.590114
0.721119
0.559503
0.00244333
0.587164
0.718463
0.556417
0.00241505
0.584177
0.715752
0.553298
0.00238744
0.581154
0.712986
0.550149
0.00236049
0.578098
0.710167
0.546971
0.0023342
0.57501
0.707296
0.543765
0.00230858
0.571891
0.704374
0.540533
0.00228362
0.568742
0.701402
0.537278
0.00225933
0.565566
0.698382
0.533999
0.0022357
0.562364
0.695315
0.5307
0.00221274
0.559137
0.692201
0.527381
0.00219045
0.555887
0.689044
0.524045
0.00216883
0.552616
0.685843
0.520693
0.00214789
0.549326
0.682601
0.517327
0.00212761
0.546017
0.679319
0.513949
0.00210802
0.542691
0.675999
0.510559
0.00208911
0.539351
0.672642
0.507161
0.00207088
0.535997
0.66925
0.503755
0.00205334
0.532632
0.665825
0.500343
0.00203649
0.529256
0.662368
0.496927
0.00202034
0.525872
0.658881
0.493508
0.00200488
0.522481
0.655366
0.490088
0.00199013
0.519085
0.651825
0.486669
0.00197609
0.515684
0.648259
0.483251
0.00196277
0.512282
0.64467
0.479837
0.00195016
0.508879
0.64106
0.476429
0.00193829
0.505476
0.637431
0.473026
0.00192715
0.502076
0.633785
0.469632
0.00191675
0.49868
0.630123
0.466247
0.0019071
0.495289
0.626448
0.462872
0.00189821
0.491905
0.622761
0.45951
0.00189008
0.488528
0.619064
0.456162
0.00188273
0.485162
0.61536
0.452828
0.00187616
0.481806
0.611649
0.449511
0.00187039
0.478463
0.607934
0.446211
0.00186542
0.475133
0.604217
0.442929
0.00186126
0.471819
0.6005
0.439668
0.00185793
0.468521
0.596783
0.436428
0.00185544
0.46524
0.59307
0.43321
0.00185379
0.461978
0.589362
0.430015
0.00185301
0.458737
0.58566
0.426845
0.0018531
0.455517
0.581967
0.423701
0.00185409
0.452319
0.578284
0.420584
0.00185597
0.449145
0.574613
0.417494
0.00185877
0.445996
0.570956
0.414433
0.0018625
0.442873
0.567315
0.411402
0.00186718
0.439777
0.56369
0.408401
0.00187283
0.436709
0.560085
0.405432
0.00187945
0.43367
0.556499
0.402496
0.00188708
0.430661
0.552936
0.399594
0.00189571
0.427684
0.549396
0.396725
0.00190538
0.424739
0.545881
0.393892
0.0019161
0.421827
0.542393
0.391095
0.0019279
0.418949
0.538933
0.388334
0.00194078
0.416106
0.535503
0.385612
0.00195477
0.413299
0.532103
0.382927
0.00196989
0.410529
0.528736
0.380282
0.00198616
0.407797
0.525403
0.377677
0.0020036
0.405103
0.522105
0.375112
0.00202223
0.402448
0.518844
0.372588
0.00204208
0.399834
0.515621
0.370106
0.00206316
0.39726
0.512436
0.367667
0.00208551
0.394728
0.509292
0.365271
0.00210913
0.392238
0.50619
0.362919
0.00213406
0.389792
0.503131
0.360611
0.00216031
0.387389
0.500115
0.358349
0.00218792
0.385031
0.497145
0.356132
0.0022169
0.382719
0.494221
0.353961
0.00224728
0.380452
0.491345
0.351837
0.00227907
0.378232
0.488517
0.34976
0.00231231
0.376059
0.485739
0.347732
0.00234702
0.373934
0.483011
0.345751
0.00238322
0.371857
0.480335
0.34382
0.00242093
0.36983
0.477712
0.341937
0.00246018
0.367852
0.475142
0.340105
0.00250098
0.365925
0.472627
0.338323
0.00254337
0.364048
0.470168
0.336592
0.00258736
0.362223
0.467765
0.334913
0.00263297
0.36045
0.465419
0.333285
0.00268022
0.358729
0.463131
0.33171
0.00272914
0.357062
0.460903
0.330187
0.00277973
0.355448
0.458735
0.328718
0.00283203
0.353889
0.456627
0.327302
0.00288604
0.352384
0.454581
0.325941
0.00294178
0.350935
0.452597
0.324634
0.00299927
0.349541
0.450676
0.323382
0.00305852
0.348203
0.448819
0.322185
0.00311954
0.346922
0.447027
0.321044
0.00318233
0.345699
0.4453
0.31996
0.00324692
0.344533
0.44364
0.318932
0.0033133
0.343425
0.442046
0.317961
0.00338148
0.342375
0.440519
0.317047
0.00345147
0.341385
0.439061
0.316192
0.00352325
0.340454
0.437671
0.315394
0.00359684
0.339583
0.436351
0.314655
0.00367222
0.338773
0.435101
0.313975
0.00374939
0.338023
0.433921
0.313355
0.00382834
0.337335
0.432812
0.312794
0.00390905
0.336708
0.431775
0.312293
0.00399152
0.336143
0.430811
0.311853
0.00407571
0.33564
0.429919
0.311473
0.00416162
0.3352
0.4291
0.311154
0.00424922
0.334823
0.428355
0.310897
0.00433847
0.33451
0.427684
0.310701
0.00442935
0.33426
0.427088
0.310568
0.00452181
0.334074
0.426567
0.310496
0.00461583
0.333953
0.426121
0.310487
0.00471135
0.333896
0.425751
0.310541
0.00480834
0.333905
0.425458
0.310658
0.00490673
0.333978
0.42524
0.310837
0.00500649
0.334117
0.4251
0.311081
0.00510754
0.334321
0.425036
0.311388
0.00520983
0.334592
0.42505
0.311758
0.00531328
0.334928
0.425141
0.312193
0.00541784
0.33533
0.425309
0.312692
0.00552342
0.335799
0.425556
0.313255
0.00562995
0.336334
0.42588
0.313882
0.00573735
0.336936
0.426282
0.314573
0.00584553
0.337604
0.426762
0.315329
0.0059544
0.338338
0.427319
0.316149
0.00606387
0.33914
0.427955
0.317033
0.00617385
0.340007
0.428668
0.317982
0.00628424
0.340941
0.429459
0.318995
0.00639493
0.341942
0.430327
0.320072
0.00650582
0.343008
0.431272
0.321214
0.00661681
0.344141
0.432295
0.322419
0.00672778
0.345339
0.433394
0.323687
0.00683862
0.346603
0.434569
0.325019
0.00694922
0.347932
0.43582
0.326414
0.00705946
0.349326
0.437146
0.327872
0.00716923
0.350785
0.438547
0.329392
0.00727841
0.352308
0.440022
0.330975
0.00738689
0.353895
0.441571
0.332619
0.00749453
0.355546
0.443193
0.334325
0.00760122
0.357259
0.444888
0.336091
0.00770685
0.359034
0.446653
0.337917
0.0078113
0.360871
0.44849
0.339803
0.00791444
0.362769
0.450396
0.341748
0.00801616
0.364727
0.452371
0.343751
0.00811636
0.366745
0.454414
0.345812
0.0082149
0.368822
0.456524
0.34793
0.00831168
0.370956
0.4587
0.350104
0.0084066
0.373148
0.460941
0.352333
0.00849955
0.375396
0.463244
0.354617
0.00859042
0.377699
0.465611
0.356955
0.00867912
0.380057
0.468038
0.359345
0.00876554
0.382468
0.470524
0.361786
0.0088496
0.384931
0.473069
0.364279
0.00893121
0.387445
0.475671
0.36682
0.00901028
0.390009
0.478328
0.369411
0.00908674
0.392622
0.481039
0.372048
0.00916051
0.395283
0.483803
0.374732
0.00923152
0.39799
0.486617
0.377461
0.00929971
0.400741
0.489481
0.380234
0.00936501
0.403537
0.492392
0.383049
0.00942737
0.406375
0.495349
0.385905
0.00948674
0.409254
0.49835
0.388801
0.00954308
0.412172
0.501393
0.391736
0.00959634
0.415128
0.504478
0.394708
0.0096465
0.418122
0.507601
0.397715
0.00969352
0.42115
0.510761
0.400757
0.00973739
0.424212
0.513957
0.403832
0.00977808
0.427306
0.517187
0.406939
0.00981558
0.430431
0.520448
0.410075
0.00984988
0.433585
0.523739
0.413239
0.00988099
0.436766
0.527058
0.416431
0.0099089
0.439974
0.530403
0.419648
0.00993362
0.443205
0.533773
0.422889
0.00995516
0.44646
0.537165
0.426152
0.00997354
0.449735
0.540578
0.429435
0.00998878
0.45303
0.54401
0.432738
0.0100009
0.456343
0.547459
0.436059
0.0100099
0.459672
0.550923
0.439395
0.0100159
0.463016
0.554401
0.442746
0.0100189
0.466372
0.55789
0.44611
0.0100188
0.469741
0.561389
0.449485
0.0100158
0.473119
0.564897
0.45287
0.01001
0.476505
0.568411
0.456263
0.0100013
0.479898
0.571929
0.459663
0.00998975
0.483296
0.575451
0.463067
0.00997549
0.486698
0.578974
0.466475
0.00995853
0.490101
0.582497
0.469886
0.00993895
0.493505
0.586018
0.473296
0.00991678
0.496908
0.589536
0.476705
0.00989211
0.500308
0.593049
0.480112
0.00986497
0.503704
0.596555
0.483515
0.00983544
0.507095
0.600054
0.486912
0.00980359
0.510478
0.603543
0.490302
0.00976947
0.513854
0.607021
0.493684
0.00973315
0.517219
0.610487
0.497056
0.00969469
0.520573
0.61394
0.500417
0.00965417
0.523914
0.617378
0.503765
0.00961165
0.527242
0.6208
0.507099
0.00956719
0.530554
0.624204
0.510418
0.00952087
0.533849
0.62759
0.51372
0.00947274
0.537127
0.630956
0.517004
0.00942287
0.540386
0.634302
0.520268
0.00937134
0.543624
0.637625
0.523513
0.0093182
0.54684
0.640925
0.526735
0.00926353
0.550034
0.644201
0.529935
0.00920737
0.553204
0.647452
0.533111
0.00914981
0.556349
0.650677
0.536261
0.0090909
0.559468
0.653875
0.539385
0.0090307
0.562559
0.657045
0.542481
0.00896928
0.565622
0.660186
0.545548
0.00890669
0.568656
0.663297
0.548586
0.008843
0.57166
0.666378
0.551593
0.00877827
0.574632
0.669427
0.554568
0.00871254
0.577572
0.672445
0.55751
0.00864589
0.580478
0.675429
0.560419
0.00857836
0.58335
0.67838
0.563292
0.00851
0.586188
0.681297
0.566129
0.00844088
0.588989
0.684179
0.56893
0.00837104
0.591753
0.687026
0.571693
0.00830054
0.59448
0.689836
0.574418
0.00822941
0.597168
0.69261
0.577103
0.00815773
0.599816
0.695346
0.579747
0.00808552
0.602425
0.698044
0.582351
0.00801284
0.604992
0.700704
0.584912
0.00793973
0.607518
0.703325
0.587431
0.00786623
0.610002
0.705907
0.589906
0.00779239
0.612442
0.708449
0.592337
0.00771826
0.614839
0.71095
0.594722
0.00764386
0.617191
0.713411
0.597062
0.00756924
0.619498
0.715831
0.599354
0.00749444
0.621759
0.718209
0.6016
0.0074195
0.623973
0.720544
0.603797
0.00734444
0.62614
0.722838
0.605946
0.00726931
0.62826
0.725088
0.608045
0.00719414
0.630331
0.727296
0.610093
0.00711897
0.632353
0.72946
0.612091
0.00704381
0.634325
0.73158
0.614038
0.00696872
0.636247
0.733655
0.615932
0.0068937
0.638119
0.735686
0.617774
0.0068188
0.639939
0.737672
0.619562
0.00674404
0.641707
0.739613
0.621296
0.00666945
0.643423
0.741508
0.622976
0.00659505
0.645086
0.743358
0.6246
0.00652087
0.646696
0.745161
0.626168
0.00644693
0.648251
0.746917
0.627681
0.00637326
0.649752
0.748627
0.629136
0.00629988
0.651198
0.750289
0.630534
0.0062268
0.652589
0.751904
0.631874
0.00615406
0.653923
0.753471
0.633155
0.00608166
0.655201
0.75499
0.634377
0.00600964
0.656422
0.75646
0.635539
0.005938
0.657586
0.757882
0.636642
0.00586677
0.658692
0.759254
0.637683
0.00579596
0.65974
0.760577
0.638664
0.00572558
0.660729
0.761851
0.639583
0.00565567
0.661658
0.763074
0.640439
0.00558621
0.662528
0.764247
0.641234
0.00551725
0.663338
0.765369
0.641965
0.00544877
0.664088
0.76644
0.642632
0.00538081
0.664777
0.767459
0.643236
0.00531336
0.665404
0.768427
0.643776
0.00524645
0.66597
0.769342
0.64425
0.00518008
0.666474
0.770205
0.64466
0.00511427
0.666915
0.771015
0.645004
0.00504902
0.667294
0.771772
0.645282
0.00498434
0.66761
0.772475
0.645494
0.00492024
0.667862
0.773125
0.645639
0.00485673
0.668051
0.773719
0.645718
0.00479383
0.668175
0.77426
0.645729
0.00473152
0.668236
0.774745
0.645673
0.00466983
0.668232
0.775174
0.645549
0.00460876
0.668163
0.775547
0.645357
0.00454831
0.668029
0.775864
0.645097
0.0044885
0.66783
0.776125
0.644768
0.00442932
0.667565
0.776328
0.644372
0.00437078
0.667235
0.776474
0.643906
0.00431288
0.666839
0.776561
0.643372
0.00425564
0.666378
0.776591
0.642769
0.00419904
0.66585
0.776561
0.642097
0.00414311
0.665256
0.776473
0.641356
0.00408783
0.664596
0.776324
0.640546
0.00403321
0.66387
0.776116
0.639668
0.00397926
0.663078
0.775848
0.63872
0.00392598
0.66222
0.775519
0.637704
0.00387336
0.661295
0.775129
0.63662
0.00382142
0.660305
0.774677
0.635467
0.00377015
0.659249
0.774163
0.634247
0.00371955
0.658127
0.773588
0.632958
0.00366962
0.65694
0.77295
0.631602
0.00362037
0.655687
0.772249
0.630179
0.00357179
0.65437
0.771485
0.62869
0.00352389
0.652987
0.770657
0.627134
0.00347666
0.651541
0.769766
0.625512
0.00343011
0.65003
0.768811
0.623825
0.00338424
0.648456
0.767792
0.622074
0.00333904
0.646819
0.766709
0.620259
0.00329452
0.64512
0.765561
0.61838
0.00325067
0.643358
0.764349
0.616439
0.00320749
0.641535
0.763072
0.614436
0.00316499
0.639651
0.76173
0.612371
0.00312315
0.637706
0.760323
0.610247
0.00308199
0.635703
0.758852
0.608064
0.0030415
0.633641
0.757316
0.605822
0.00300168
0.63152
0.755714
0.603523
0.00296253
0.629343
0.754049
0.601168
0.00292404
0.627109
0.752319
0.598758
0.00288622
0.624821
0.750524
0.596293
0.00284907
0.622478
0.748666
0.593776
0.00281257
0.620081
0.746743
0.591207
0.00277674
0.617633
0.744758
0.588588
0.00274158
0.615133
0.742709
0.58592
0.00270707
0.612583
0.740597
0.583204
0.00267322
0.609984
0.738424
0.580442
0.00264003
0.607338
0.736188
0.577635
0.0026075
0.604645
0.733892
0.574784
0.00257562
0.601907
0.731535
0.571891
0.0025444
0.599125
0.729119
0.568958
0.00251384
0.5963
0.726643
0.565986
0.00248393
0.593435
0.724109
0.562976
0.00245468
0.590529
0.721518
0.55993
0.00242608
0.587585
0.71887
0.55685
0.00239813
0.584604
0.716167
0.553737
0.00237084
0.581587
0.71341
0.550593
0.0023442
0.578537
0.710599
0.54742
0.00231822
0.575453
0.707735
0.544219
0.0022929
0.572339
0.704821
0.540992
0.00226823
0.569196
0.701856
0.53774
0.00224422
0.566024
0.698843
0.534465
0.00222086
0.562826
0.695783
0.531169
0.00219817
0.559604
0.692676
0.527854
0.00217614
0.556358
0.689525
0.524521
0.00215477
0.55309
0.686331
0.521172
0.00213406
0.549803
0.683095
0.517809
0.00211403
0.546497
0.679819
0.514433
0.00209467
0.543174
0.676504
0.511046
0.00207597
0.539836
0.673153
0.507649
0.00205796
0.536485
0.669766
0.504244
0.00204063
0.533122
0.666346
0.500834
0.00202398
0.529748
0.662893
0.497419
0.00200802
0.526365
0.659411
0.494001
0.00199275
0.522976
0.6559
0.490581
0.00197818
0.51958
0.652362
0.487162
0.00196432
0.516181
0.6488
0.483745
0.00195116
0.512779
0.645214
0.480331
0.00193872
0.509376
0.641607
0.476921
0.001927
0.505974
0.637981
0.473518
0.00191601
0.502574
0.634337
0.470123
0.00190576
0.499177
0.630678
0.466737
0.00189624
0.495786
0.627005
0.463361
0.00188748
0.4924
0.62332
0.459998
0.00187948
0.489023
0.619624
0.456647
0.00187224
0.485655
0.615921
0.453312
0.00186579
0.482298
0.612211
0.449992
0.00186012
0.478953
0.608497
0.44669
0.00185525
0.475622
0.60478
0.443406
0.00185118
0.472305
0.601062
0.440142
0.00184794
0.469005
0.597345
0.436899
0.00184553
0.465722
0.593631
0.433678
0.00184396
0.462458
0.589922
0.43048
0.00184325
0.459213
0.586219
0.427307
0.0018434
0.45599
0.582525
0.424159
0.00184444
0.452789
0.57884
0.421037
0.00184638
0.449612
0.575168
0.417944
0.00184922
0.446459
0.571509
0.414879
0.00185299
0.443332
0.567865
0.411843
0.00185771
0.440232
0.564237
0.408838
0.00186338
0.43716
0.560629
0.405865
0.00187002
0.434117
0.55704
0.402924
0.00187766
0.431104
0.553473
0.400016
0.00188631
0.428122
0.54993
0.397143
0.00189598
0.425172
0.546411
0.394305
0.0019067
0.422255
0.542919
0.391502
0.00191848
0.419372
0.539454
0.388736
0.00193135
0.416524
0.536019
0.386008
0.00194532
0.413712
0.532615
0.383318
0.00196041
0.410936
0.529243
0.380667
0.00197665
0.408198
0.525905
0.378056
0.00199405
0.405499
0.522602
0.375485
0.00201264
0.402838
0.519335
0.372955
0.00203243
0.400218
0.516105
0.370467
0.00205346
0.397638
0.512915
0.368022
0.00207574
0.3951
0.509765
0.36562
0.00209929
0.392604
0.506656
0.363261
0.00212414
0.390151
0.50359
0.360947
0.00215032
0.387742
0.500568
0.358678
0.00217784
0.385377
0.497591
0.356454
0.00220672
0.383058
0.49466
0.354276
0.002237
0.380784
0.491777
0.352145
0.00226869
0.378557
0.488941
0.350062
0.00230182
0.376377
0.486155
0.348026
0.00233641
0.374245
0.48342
0.346038
0.00237249
0.372161
0.480736
0.344099
0.00241007
0.370126
0.478105
0.34221
0.00244919
0.368141
0.475527
0.34037
0.00248985
0.366206
0.473003
0.338581
0.0025321
0.364322
0.470535
0.336842
0.00257594
0.362489
0.468124
0.335155
0.00262139
0.360708
0.465769
0.33352
0.00266849
0.35898
0.463473
0.331937
0.00271724
0.357305
0.461235
0.330406
0.00276767
0.355683
0.459058
0.328929
0.00281979
0.354115
0.456941
0.327505
0.00287363
0.352602
0.454885
0.326135
0.00292919
0.351144
0.452892
0.32482
0.00298649
0.349742
0.450962
0.32356
0.00304555
0.348396
0.449095
0.322355
0.00310638
0.347107
0.447293
0.321206
0.00316898
0.345874
0.445556
0.320113
0.00323337
0.3447
0.443885
0.319076
0.00329955
0.343583
0.442281
0.318097
0.00336753
0.342525
0.440745
0.317175
0.00343731
0.341526
0.439276
0.31631
0.0035089
0.340586
0.437876
0.315504
0.00358228
0.339706
0.436545
0.314756
0.00365745
0.338886
0.435284
0.314068
0.00373442
0.338127
0.434093
0.313438
0.00381316
0.33743
0.432974
0.312868
0.00389367
0.336793
0.431926
0.312359
0.00397594
0.336219
0.43095
0.311909
0.00405993
0.335707
0.430047
0.31152
0.00414564
0.335257
0.429217
0.311192
0.00423304
0.334871
0.428461
0.310926
0.0043221
0.334548
0.427779
0.310721
0.00441279
0.334289
0.427172
0.310578
0.00450507
0.334093
0.426639
0.310497
0.00459891
0.333962
0.426182
0.310478
0.00469426
0.333896
0.425801
0.310523
0.00479108
0.333894
0.425495
0.31063
0.00488932
0.333958
0.425266
0.3108
0.00498892
0.334087
0.425114
0.311034
0.00508982
0.334282
0.425039
0.311332
0.00519198
0.334542
0.425041
0.311693
0.00529531
0.334868
0.42512
0.312118
0.00539975
0.335261
0.425277
0.312607
0.00550522
0.335719
0.425511
0.31316
0.00561166
0.336244
0.425823
0.313777
0.00571898
0.336836
0.426213
0.314459
0.00582709
0.337494
0.426681
0.315205
0.0059359
0.338218
0.427227
0.316016
0.00604533
0.33901
0.427851
0.31689
0.00615528
0.339867
0.428552
0.317829
0.00626565
0.340791
0.429332
0.318833
0.00637634
0.341781
0.430188
0.3199
0.00648725
0.342838
0.431122
0.321032
0.00659826
0.343961
0.432132
0.322227
0.00670928
0.345149
0.43322
0.323486
0.00682018
0.346403
0.434383
0.324808
0.00693086
0.347722
0.435623
0.326194
0.0070412
0.349107
0.436937
0.327642
0.00715109
0.350556
0.438327
0.329153
0.0072604
0.352069
0.439791
0.330727
0.00736902
0.353647
0.441329
0.332361
0.00747682
0.355287
0.44294
0.334058
0.0075837
0.356991
0.444624
0.335815
0.00768953
0.358757
0.446379
0.337632
0.0077942
0.360585
0.448204
0.339509
0.00789757
0.362473
0.4501
0.341445
0.00799955
0.364422
0.452065
0.34344
0.00810001
0.366431
0.454098
0.345492
0.00819884
0.368499
0.456198
0.347601
0.00829592
0.370625
0.458363
0.349767
0.00839116
0.372808
0.460594
0.351988
0.00848444
0.375048
0.462888
0.354263
0.00857566
0.377343
0.465245
0.356593
0.00866471
0.379692
0.467663
0.358975
0.00875151
0.382095
0.470141
0.361409
0.00883596
0.384551
0.472677
0.363893
0.00891798
0.387057
0.47527
0.366428
0.00899746
0.389614
0.477919
0.369011
0.00907435
0.392219
0.480622
0.371642
0.00914855
0.394873
0.483378
0.374318
0.00922001
0.397573
0.486185
0.377041
0.00928865
0.400318
0.489041
0.379807
0.00935441
0.403107
0.491945
0.382615
0.00941724
0.405938
0.494895
0.385466
0.00947709
0.408811
0.497889
0.388356
0.00953391
0.411724
0.500926
0.391285
0.00958766
0.414674
0.504005
0.394251
0.00963831
0.417662
0.507122
0.397253
0.00968583
0.420685
0.510277
0.40029
0.00973019
0.423742
0.513467
0.40336
0.00977139
0.426832
0.516692
0.406462
0.00980939
0.429952
0.519948
0.409594
0.0098442
0.433102
0.523235
0.412754
0.00987581
0.436279
0.52655
0.415942
0.00990422
0.439482
0.529891
0.419155
0.00992944
0.442711
0.533257
0.422392
0.00995148
0.445962
0.536646
0.425652
0.00997035
0.449234
0.540056
0.428933
0.00998608
0.452526
0.543485
0.432233
0.00999869
0.455836
0.546932
0.435551
0.0100082
0.459163
0.550394
0.438885
0.0100146
0.462505
0.553869
0.442234
0.0100181
0.46586
0.557357
0.445596
0.0100185
0.469226
0.560855
0.44897
0.010016
0.472603
0.564361
0.452353
0.0100106
0.475988
0.567874
0.455745
0.0100023
0.47938
0.571393
0.459144
0.00999121
0.482777
0.574914
0.462548
0.00997738
0.486179
0.578437
0.465955
0.00996084
0.489582
0.58196
0.469365
0.00994166
0.492986
0.585482
0.472776
0.00991989
0.496389
0.589
0.476186
0.0098956
0.49979
0.592514
0.479593
0.00986885
0.503187
0.596021
0.482996
0.00983969
0.506578
0.599521
0.486395
0.00980819
0.509963
0.603012
0.489786
0.00977442
0.51334
0.606492
0.493169
0.00973844
0.516707
0.60996
0.496543
0.00970032
0.520062
0.613415
0.499905
0.00966012
0.523406
0.616855
0.503255
0.0096179
0.526735
0.620279
0.506591
0.00957374
0.53005
0.623687
0.509913
0.0095277
0.533348
0.627075
0.513217
0.00947985
0.536629
0.630445
0.516504
0.00943026
0.53989
0.633793
0.519772
0.00937898
0.543132
0.63712
0.52302
0.00932609
0.546351
0.640424
0.526246
0.00927165
0.549549
0.643704
0.529449
0.00921572
0.552723
0.646959
0.532628
0.00915838
0.555871
0.650187
0.535782
0.00909967
0.558994
0.653389
0.53891
0.00903967
0.56209
0.656564
0.542011
0.00897844
0.565157
0.659709
0.545083
0.00891604
0.568196
0.662825
0.548125
0.00885252
0.571204
0.66591
0.551137
0.00878794
0.574181
0.668965
0.554117
0.00872237
0.577126
0.671987
0.557064
0.00865586
0.580037
0.674977
0.559978
0.00858846
0.582915
0.677933
0.562856
0.00852023
0.585758
0.680855
0.565699
0.00845123
0.588564
0.683742
0.568506
0.0083815
0.591334
0.686594
0.571275
0.0083111
0.594067
0.68941
0.574005
0.00824007
0.596761
0.692189
0.576696
0.00816847
0.599415
0.694931
0.579347
0.00809634
0.60203
0.697636
0.581957
0.00802373
0.604604
0.700301
0.584525
0.00795069
0.607136
0.702929
0.58705
0.00787726
0.609626
0.705516
0.589532
0.00780347
0.612073
0.708064
0.591969
0.00772938
0.614477
0.710572
0.594362
0.00765503
0.616835
0.713039
0.596708
0.00758044
0.619149
0.715465
0.599008
0.00750567
0.621417
0.717849
0.601261
0.00743075
0.623639
0.720191
0.603465
0.00735571
0.625813
0.722491
0.605621
0.0072806
0.62794
0.724748
0.607728
0.00720544
0.630018
0.726962
0.609784
0.00713026
0.632048
0.729133
0.61179
0.00705511
0.634028
0.73126
0.613744
0.00698
0.635958
0.733342
0.615647
0.00690497
0.637837
0.73538
0.617496
0.00683006
0.639665
0.737373
0.619293
0.00675528
0.641441
0.739321
0.621035
0.00668066
0.643165
0.741223
0.622723
0.00660623
0.644836
0.743079
0.624356
0.00653202
0.646454
0.744889
0.625933
0.00645805
0.648018
0.746653
0.627454
0.00638434
0.649527
0.748369
0.628918
0.00631091
0.650981
0.750039
0.630325
0.00623779
0.65238
0.751661
0.631673
0.006165
0.653723
0.753235
0.632963
0.00609255
0.65501
0.754762
0.634195
0.00602047
0.65624
0.756239
0.635366
0.00594877
0.657413
0.757668
0.636478
0.00587748
0.658527
0.759048
0.637529
0.00580661
0.659584
0.760379
0.638519
0.00573617
0.660582
0.76166
0.639447
0.00566618
0.66152
0.762891
0.640313
0.00559666
0.662399
0.764071
0.641117
0.00552762
0.663218
0.765201
0.641858
0.00545907
0.663977
0.76628
0.642535
0.00539103
0.664675
0.767307
0.643148
0.00532351
0.665312
0.768283
0.643698
0.00525652
0.665887
0.769206
0.644182
0.00519007
0.666401
0.770077
0.644602
0.00512417
0.666852
0.770895
0.644956
0.00505883
0.66724
0.77166
0.645244
0.00499407
0.667565
0.772372
0.645466
0.00492988
0.667827
0.773029
0.645621
0.00486629
0.668026
0.773632
0.64571
0.00480329
0.66816
0.774181
0.645731
0.00474089
0.66823
0.774674
0.645685
0.00467911
0.668236
0.775112
0.645572
0.00461795
0.668177
0.775494
0.64539
0.00455741
0.668053
0.77582
0.645141
0.00449749
0.667864
0.776089
0.644823
0.00443822
0.667609
0.776301
0.644436
0.00437958
0.667289
0.776455
0.643981
0.00432159
0.666903
0.776552
0.643457
0.00426425
0.666452
0.77659
0.642865
0.00420755
0.665934
0.776569
0.642203
0.00415152
0.66535
0.77649
0.641473
0.00409614
0.6647
0.776351
0.640674
0.00404143
0.663984
0.776152
0.639806
0.00398738
0.663202
0.775893
0.638869
0.00393399
0.662354
0.775573
0.637863
0.00388128
0.66144
0.775192
0.636789
0.00382923
0.66046
0.774749
0.635647
0.00377785
0.659413
0.774245
0.634436
0.00372715
0.658302
0.773679
0.633158
0.00367713
0.657124
0.773051
0.631813
0.00362777
0.655882
0.772359
0.6304
0.00357909
0.654574
0.771605
0.62892
0.00353109
0.653202
0.770787
0.627375
0.00348376
0.651765
0.769906
0.625763
0.00343711
0.650264
0.76896
0.624086
0.00339114
0.6487
0.767951
0.622344
0.00334583
0.647072
0.766878
0.620539
0.00330121
0.645382
0.76574
0.61867
0.00325726
0.64363
0.764537
0.616738
0.00321398
0.641816
0.76327
0.614744
0.00317137
0.639941
0.761938
0.612689
0.00312944
0.638006
0.760541
0.610574
0.00308818
0.636011
0.75908
0.6084
0.00304759
0.633958
0.757553
0.606167
0.00300766
0.631846
0.755962
0.603876
0.00296841
0.629678
0.754306
0.60153
0.00292982
0.627453
0.752586
0.599128
0.0028919
0.625172
0.750801
0.596671
0.00285464
0.622837
0.748952
0.594162
0.00281805
0.620449
0.74704
0.591601
0.00278212
0.618008
0.745064
0.58899
0.00274685
0.615516
0.743024
0.586329
0.00271225
0.612974
0.740923
0.58362
0.0026783
0.610383
0.738758
0.580865
0.00264501
0.607744
0.736532
0.578065
0.00261238
0.605058
0.734245
0.575221
0.0025804
0.602326
0.731897
0.572334
0.00254908
0.599551
0.72949
0.569407
0.00251842
0.596733
0.727023
0.56644
0.00248841
0.593873
0.724498
0.563436
0.00245906
0.590973
0.721916
0.560396
0.00243036
0.588035
0.719277
0.557321
0.00240232
0.58506
0.716582
0.554213
0.00237493
0.582048
0.713833
0.551074
0.00234819
0.579003
0.71103
0.547905
0.00232211
0.575924
0.708174
0.544708
0.00229669
0.572815
0.705267
0.541484
0.00227192
0.569676
0.70231
0.538236
0.00224781
0.566508
0.699304
0.534965
0.00222435
0.563314
0.696251
0.531672
0.00220156
0.560095
0.693151
0.52836
0.00217943
0.556853
0.690007
0.525029
0.00215796
0.553589
0.686819
0.521683
0.00213715
0.550304
0.68359
0.518321
0.00211702
0.547001
0.68032
0.514947
0.00209755
0.543681
0.677011
0.511561
0.00207876
0.540345
0.673665
0.508166
0.00206064
0.536996
0.670283
0.504763
0.0020432
0.533634
0.666868
0.501353
0.00202645
0.530262
0.66342
0.497938
0.00201039
0.526881
0.659942
0.494521
0.00199501
0.523492
0.656436
0.491101
0.00198034
0.520097
0.652902
0.487682
0.00196637
0.516698
0.649343
0.484264
0.0019531
0.513297
0.645761
0.48085
0.00194055
0.509894
0.642157
0.477439
0.00192872
0.506492
0.638534
0.474035
0.00191762
0.503091
0.634893
0.470639
0.00190725
0.499694
0.631235
0.467251
0.00189763
0.496301
0.627564
0.463874
0.00188875
0.492915
0.623881
0.460508
0.00188063
0.489537
0.620187
0.457156
0.00187328
0.486167
0.616484
0.453818
0.00186671
0.482808
0.612775
0.450496
0.00186092
0.479462
0.609062
0.447191
0.00185592
0.476128
0.605345
0.443904
0.00185174
0.472809
0.601627
0.440637
0.00184837
0.469506
0.59791
0.43739
0.00184583
0.46622
0.594196
0.434166
0.00184413
0.462953
0.590486
0.430965
0.00184329
0.459705
0.586782
0.427788
0.00184331
0.456479
0.583086
0.424636
0.00184421
0.453274
0.5794
0.42151
0.00184601
0.450093
0.575726
0.418412
0.00184872
0.446937
0.572064
0.415343
0.00185235
0.443806
0.568418
0.412303
0.00185692
0.440702
0.564788
0.409293
0.00186244
0.437625
0.561176
0.406315
0.00186894
0.434578
0.557584
0.403369
0.00187643
0.43156
0.554014
0.400456
0.00188492
0.428573
0.550467
0.397578
0.00189443
0.425619
0.546944
0.394734
0.00190499
0.422697
0.543448
0.391926
0.00191661
0.419809
0.539979
0.389155
0.00192931
0.416955
0.53654
0.386421
0.00194311
0.414137
0.533131
0.383725
0.00195803
0.411356
0.529754
0.381068
0.00197409
0.408612
0.52641
0.37845
0.00199132
0.405907
0.523102
0.375873
0.00200972
0.40324
0.519829
0.373337
0.00202933
0.400614
0.516594
0.370843
0.00205017
0.398028
0.513398
0.368391
0.00207226
0.395483
0.510241
0.365982
0.00209562
0.392981
0.507126
0.363617
0.00212027
0.390521
0.504054
0.361296
0.00214625
0.388106
0.501025
0.35902
0.00217356
0.385734
0.498041
0.356789
0.00220223
0.383408
0.495103
0.354604
0.0022323
0.381127
0.492212
0.352466
0.00226377
0.378893
0.489369
0.350375
0.00229668
0.376706
0.486576
0.348332
0.00233105
0.374566
0.483833
0.346337
0.0023669
0.372475
0.481141
0.344391
0.00240425
0.370433
0.478502
0.342494
0.00244313
0.36844
0.475915
0.340647
0.00248356
0.366497
0.473384
0.33885
0.00252556
0.364605
0.470907
0.337103
0.00256916
0.362765
0.468487
0.335408
0.00261437
0.360976
0.466124
0.333765
0.00266121
0.35924
0.463818
0.332174
0.00270971
0.357556
0.461572
0.330635
0.00275988
0.355926
0.459385
0.32915
0.00281175
0.35435
0.457259
0.327718
0.00286532
0.352829
0.455194
0.32634
0.00292062
0.351363
0.453191
0.325017
0.00297766
0.349952
0.451251
0.323748
0.00303645
0.348597
0.449375
0.322535
0.00309701
0.347299
0.447563
0.321377
0.00315934
0.346058
0.445816
0.320275
0.00322346
0.344875
0.444135
0.31923
0.00328937
0.343749
0.442521
0.318242
0.00335707
0.342682
0.440974
0.317311
0.00342658
0.341674
0.439495
0.316438
0.00349789
0.340725
0.438084
0.315623
0.003571
0.339836
0.436743
0.314866
0.0036459
0.339007
0.435471
0.314169
0.00372259
0.338239
0.43427
0.31353
0.00380107
0.337532
0.433139
0.312951
0.00388131
0.336886
0.432081
0.312432
0.00396331
0.336302
0.431094
0.311974
0.00404704
0.335781
0.43018
0.311575
0.00413249
0.335322
0.429339
0.311238
0.00421964
0.334926
0.428571
0.310962
0.00430845
0.334593
0.427878
0.310748
0.00439889
0.334324
0.427259
0.310596
0.00449093
0.334119
0.426715
0.310505
0.00458453
0.333978
0.426247
0.310477
0.00467966
0.333902
0.425854
0.310512
0.00477626
0.33389
0.425537
0.31061
0.00487428
0.333944
0.425296
0.31077
0.00497368
0.334063
0.425132
0.310995
0.00507439
0.334248
0.425045
0.311282
0.00517636
0.334498
0.425035
0.311634
0.00527951
0.334814
0.425103
0.312049
0.00538379
0.335197
0.425248
0.312528
0.00548911
0.335645
0.42547
0.313072
0.00559541
0.33616
0.425771
0.313679
0.0057026
0.336742
0.426149
0.314351
0.00581059
0.33739
0.426605
0.315087
0.0059193
0.338104
0.427139
0.315888
0.00602865
0.338885
0.427751
0.316753
0.00613852
0.339732
0.428441
0.317682
0.00624884
0.340646
0.429208
0.318676
0.00635948
0.341627
0.430053
0.319734
0.00647036
0.342673
0.430975
0.320855
0.00658137
0.343786
0.431974
0.322041
0.00669239
0.344964
0.433049
0.32329
0.00680332
0.346208
0.434201
0.324603
0.00691404
0.347518
0.435429
0.325979
0.00702444
0.348892
0.436733
0.327418
0.0071344
0.350332
0.438111
0.32892
0.00724381
0.351835
0.439564
0.330483
0.00735254
0.353403
0.441091
0.332109
0.00746048
0.355034
0.442691
0.333796
0.00756751
0.356728
0.444363
0.335544
0.00767351
0.358484
0.446107
0.337352
0.00777835
0.360303
0.447922
0.33922
0.00788193
0.362182
0.449807
0.341147
0.00798413
0.364122
0.451762
