1250
0.02
4
0.2
0.2
0.2
0.2
0.206
0.198837
0.206997
0.206997
0.21198
0.197592
0.213947
0.213987
0.21794
0.19627
0.22085
0.22097
0.22388
0.194875
0.227707
0.227946
0.229801
0.193414
0.234518
0.234913
0.235702
0.191889
0.241284
0.241871
0.241583
0.190305
0.248004
0.248819
0.247444
0.188667
0.254678
0.255757
0.253284
0.186979
0.261307
0.262682
0.259104
0.185245
0.267891
0.269595
0.264904
0.183467
0.274429
0.276495
0.270683
0.181651
0.280923
0.28338
0.27644
0.179798
0.287371
0.290249
0.282175
0.177914
0.293774
0.297101
0.287888
0.176
0.300131
0.303934
0.293579
0.17406
0.306444
0.310749
0.299246
0.172097
0.31271
0.317543
0.30489
0.170113
0.318932
0.324315
0.31051
0.168112
0.325107
0.331064
0.316104
0.166095
0.331237
0.337789
0.321673
0.164066
0.33732
0.344488
0.327217
0.162026
0.343357
0.351161
0.332733
0.159978
0.349348
0.357805
0.338222
0.157923
0.355292
0.36442
0.343683
0.155864
0.36119
0.371003
0.349115
0.153803
0.36704
0.377555
0.354518
0.151741
0.372842
0.384074
0.35989
0.149681
0.378597
0.390558
0.365232
0.147622
0.384303
0.397006
0.370542
0.145569
0.389962
0.403416
0.375819
0.14352
0.395572
0.409789
0.381063
0.141479
0.401132
0.416122
0.386273
0.139445
0.406644
0.422414
0.391449
0.137421
0.412106
0.428664
0.396589
0.135408
0.417518
0.434871
0.401693
0.133406
0.422879
0.441034
0.40676
0.131416
0.42819
0.447152
0.411788
0.129439
0.43345
0.453224
0.416779
0.127477
0.438659
0.459248
0.42173
0.12553
0.443816
0.465223
0.426641
0.123598
0.448921
0.47115
0.431512
0.121682
0.453974
0.477026
0.436341
0.119784
0.458974
0.482851
0.441127
0.117903
0.463921
0.488624
0.445871
0.116039
0.468815
0.494344
0.450571
0.114194
0.473655
0.500011
0.455227
0.112368
0.478441
0.505623
0.459838
0.110561
0.483173
0.51118
0.464403
0.108774
0.48785
0.516681
0.468921
0.107006
0.492472
0.522125
0.473393
0.105259
0.497039
0.527513
0.477816
0.103532
0.50155
0.532842
0.482192
0.101825
0.506005
0.538113
0.486518
0.100139
0.510404
0.543326
0.490795
0.0984736
0.514746
0.548479
0.495022
0.0968293
0.519032
0.553572
0.499198
0.095206
0.52326
0.558604
0.503323
0.0936037
0.527431
0.563576
0.507395
0.0920226
0.531545
0.568487
0.511416
0.0904627
0.5356
0.573336
0.515383
0.0889238
0.539597
0.578123
0.519297
0.0874061
0.543536
0.582848
0.523156
0.0859095
0.547416
0.587511
0.526961
0.0844339
0.551237
0.592111
0.530711
0.0829793
0.554999
0.596647
0.534406
0.0815456
0.558701
0.601121
0.538044
0.0801326
0.562343
0.605531
0.541626
0.0787404
0.565926
0.609878
0.545151
0.0773688
0.569448
0.61416
0.548618
0.0760176
0.57291
0.618379
0.552028
0.0746867
0.576311
0.622534
0.555379
0.073376
0.579652
0.626625
0.558671
0.0720853
0.582931
0.630651
0.561905
0.0708145
0.586149
0.634613
0.565079
0.0695633
0.589305
0.638511
0.568192
0.0683317
0.5924
0.642344
0.571246
0.0671194
0.595432
0.646112
0.574239
0.0659263
0.598403
0.649816
0.57717
0.0647521
0.601311
0.653456
0.58004
0.0635967
0.604157
0.65703
0.582849
0.0624599
0.606939
0.660541
0.585595
0.0613414
0.609659
0.663986
0.588278
0.0602411
0.612316
0.667367
0.590898
0.0591588
0.614909
0.670683
0.593455
0.0580942
0.617439
0.673935
0.595949
0.0570471
0.619905
0.677122
0.598378
0.0560174
0.622306
0.680245
0.600743
0.0550048
0.624644
0.683302
0.603043
0.0540091
0.626917
0.686296
0.605278
0.0530301
0.629126
0.689224
0.607448
0.0520675
0.631269
0.692089
0.609552
0.0511212
0.633348
0.694888
0.61159
0.050191
0.635361
0.697623
0.613562
0.0492765
0.637309
0.700294
0.615467
0.0483777
0.639191
0.7029
0.617304
0.0474942
0.641008
0.705442
0.619075
0.0466259
0.642758
0.707919
0.620778
0.0457726
0.644442
0.710331
0.622413
0.0449341
0.64606
0.712679
0.623979
0.04411
0.64761
0.714963
0.625477
0.0433003
0.649094
0.717182
0.626906
0.0425047
0.650511
0.719336
0.628266
0.0417231
0.65186
0.721426
0.629556
0.0409551
0.653142
0.723451
0.630777
0.0402006
0.654356
0.725411
0.631927
0.0394594
0.655502
0.727306
0.633007
0.0387313
0.656579
0.729137
0.634016
0.0380161
0.657588
0.730902
0.634955
0.0373135
0.658529
0.732603
0.635822
0.0366235
0.659401
0.734238
0.636617
0.0359458
0.660204
0.735808
0.637341
0.0352802
0.660937
0.737313
0.637994
0.0346265
0.661602
0.738752
0.638574
0.0339845
0.662196
0.740125
0.639081
0.0333541
0.662721
0.741433
0.639516
0.032735
0.663177
0.742674
0.639878
0.0321271
0.663562
0.74385
0.640168
0.0315302
0.663877
0.744959
0.640384
0.0309442
0.664121
0.746002
0.640527
0.0303687
0.664295
0.746979
0.640596
0.0298038
0.664399
0.747888
0.640592
0.0292491
0.664432
0.74873
0.640515
0.0287046
0.664395
0.749506
0.640364
0.02817
0.664286
0.750213
0.640139
0.0276453
0.664107
0.750854
0.63984
0.0271301
0.663857
0.751426
0.639468
0.0266245
0.663536
0.75193
0.639022
0.0261281
0.663145
0.752366
0.638502
0.025641
0.662682
0.752734
0.637909
0.0251628
0.662149
0.753033
0.637243
0.0246935
0.661546
0.753262
0.636503
0.0242329
0.660872
0.753423
0.635691
0.0237809
0.660127
0.753514
0.634805
0.0233372
0.659312
0.753536
0.633847
0.0229019
0.658428
0.753488
0.632816
0.0224747
0.657473
0.75337
0.631714
0.0220555
0.656449
0.753182
0.63054
0.0216441
0.655356
0.752924
0.629295
0.0212405
0.654194
0.752595
0.627979
0.0208444
0.652964
0.752196
0.626593
0.0204558
0.651665
0.751725
0.625137
0.0200746
0.650299
0.751184
0.623612
0.0197006
0.648865
0.750572
0.622018
0.0193336
0.647365
0.749889
0.620357
0.0189736
0.645799
0.749135
0.618628
0.0186205
0.644167
0.748309
0.616833
0.018274
0.64247
0.747413
0.614972
0.0179342
0.640708
0.746445
0.613047
0.0176009
0.638884
0.745407
0.611058
0.017274
0.636996
0.744297
0.609006
0.0169533
0.635047
0.743117
0.606892
0.0166388
0.633036
0.741866
0.604717
0.0163304
0.630965
0.740544
0.602482
0.0160279
0.628834
0.739152
0.600189
0.0157312
0.626645
0.73769
0.597838
0.0154404
0.624399
0.736158
0.595431
0.0151551
0.622096
0.734557
0.592968
0.0148754
0.619738
0.732887
0.590635
0.0146021
0.617509
0.731316
0.588446
0.014335
0.615424
0.729857
0.586397
0.0140741
0.613479
0.728507
0.584485
0.0138193
0.611671
0.727264
0.582709
0.0135703
0.609997
0.726126
0.581065
0.0133272
0.608455
0.725092
0.57955
0.0130897
0.607041
0.724158
0.578162
0.0128578
0.605752
0.723322
0.576898
0.0126314
0.604586
0.722583
0.575756
0.0124103
0.603539
0.721938
0.574731
0.0121943
0.602609
0.721385
0.573823
0.0119835
0.601792
0.720922
0.573028
0.0117777
0.601086
0.720545
0.572342
0.0115768
0.600487
0.720254
0.571764
0.0113806
0.599994
0.720045
0.571291
0.0111891
0.599602
0.719917
0.57092
0.0110021
0.599309
0.719866
0.570647
0.0108196
0.599112
0.719892
0.570471
0.0106414
0.599009
0.71999
0.570389
0.0104674
0.598996
0.72016
0.570397
0.0102976
0.59907
0.720399
0.570494
0.0101318
0.599229
0.720704
0.570675
0.00996988
0.59947
0.721074
0.57094
0.00981181
0.59979
0.721506
0.571284
0.00965748
0.600186
0.721997
0.571705
0.00950677
0.600655
0.722546
0.572201
0.0093596
0.601196
0.723151
0.572768
0.00921587
0.601804
0.723808
0.573405
0.00907548
0.602478
0.724517
0.574108
0.00893836
0.603215
0.725274
0.574875
0.00880439
0.604012
0.726078
0.575704
0.00867351
0.604867
0.726927
0.576591
0.00854562
0.605776
0.727818
0.577534
0.00842064
0.606738
0.72875
0.578531
0.00829849
0.60775
0.72972
0.579579
0.00817907
0.608809
0.730726
0.580676
0.00806232
0.609913
0.731767
0.581819
0.00794816
0.61106
0.732841
0.583005
0.0078365
0.612248
0.733945
0.584233
0.00772728
0.613473
0.735078
0.5855
0.00762042
0.614733
0.736238
0.586804
0.00751585
0.616028
0.737423
0.588142
0.0074135
0.617353
0.738631
0.589513
0.0073133
0.618707
0.739861
0.590913
0.00721518
0.620088
0.741111
0.592341
0.00711908
0.621494
0.742379
0.593794
0.00702495
0.622922
0.743663
0.595271
0.0069327
0.624371
0.744963
0.59677
0.00684229
0.625838
0.746276
0.598287
0.00675366
0.627322
0.747601
0.599822
0.00666676
0.62882
0.748936
0.601372
0.00658151
0.630332
0.75028
0.602935
0.00649789
0.631854
0.751631
0.604509
0.00641582
0.633385
0.752989
0.606094
0.00633526
0.634924
0.754352
0.607685
0.00625617
0.636468
0.755717
0.609283
0.00617849
0.638016
0.757085
0.610884
0.00610218
0.639566
0.758454
0.612488
0.0060272
0.641116
0.759822
0.614092
0.0059535
0.642666
0.761189
0.615695
0.00588105
0.644213
0.762552
0.617295
0.0058098
0.645755
0.763912
0.618891
0.00573971
0.647292
0.765267
0.62048
0.00567074
0.648822
0.766615
0.622063
0.00560287
0.650343
0.767957
0.623636
0.00553606
0.651854
0.76929
0.625198
0.00547027
0.653354
0.770614
0.626748
0.00540547
0.654841
0.771927
0.628285
0.00534163
0.656314
0.773229
0.629807
0.00527872
0.657771
0.77452
0.631313
0.00521671
0.659212
0.775797
0.632801
0.00515558
0.660635
0.77706
0.63427
0.0050953
0.662039
0.778308
0.635719
0.00503584
0.663423
0.779541
0.637146
0.00497718
0.664785
0.780757
0.638551
0.0049193
0.666125
0.781956
0.639931
0.00486218
0.667441
0.783136
0.641286
0.00480578
0.668732
0.784298
0.642615
0.00475011
0.669997
0.78544
0.643917
0.00469512
0.671236
0.786562
0.64519
0.00464081
0.672446
0.787662
0.646433
0.00458716
0.673627
0.788741
0.647645
0.00453415
0.674779
0.789797
0.648825
0.00448177
0.6759
0.79083
0.649972
0.00443
0.676988
0.791839
0.651085
0.00437882
0.678044
0.792823
0.652164
0.00432823
0.679067
0.793783
0.653206
0.00427821
0.680055
0.794716
0.654211
0.00422874
0.681007
0.795622
0.655178
0.00417982
0.681923
0.796502
0.656107
0.00413144
0.682801
0.797354
0.656995
0.00408358
0.683642
0.798177
0.657843
0.00403623
0.684443
0.798971
0.65865
0.00398939
0.685205
0.799735
0.659413
0.00394305
0.685927
0.80047
0.660134
0.0038972
0.686607
0.801173
0.66081
0.00385183
0.687245
0.801845
0.661441
0.00380693
0.68784
0.802485
0.662026
0.0037625
0.688392
0.803092
0.662565
0.00371853
0.688899
0.803666
0.663056
0.00367501
0.689362
0.804206
0.663499
0.00363195
0.689778
0.804711
0.663893
0.00358933
0.690148
0.805182
0.664238
0.00354715
0.690472
0.805617
0.664532
0.0035054
0.690747
0.806016
0.664774
0.00346409
0.690974
0.806378
0.664965
0.00342321
0.691152
0.806703
0.665104
0.00338274
0.69128
0.80699
0.665189
0.0033427
0.691357
0.807238
0.66522
0.00330308
0.691384
0.807447
0.665197
0.00326387
0.69136
0.807616
0.665119
0.00322508
0.691283
0.807745
0.664985
0.0031867
0.691154
0.807833
0.664795
0.00314872
0.690971
0.80788
0.664548
0.00311115
0.690735
0.807885
0.664244
0.00307399
0.690445
0.807846
0.663883
0.00303723
0.690099
0.807765
0.663462
0.00300087
0.689699
0.807639
0.662984
0.00296491
0.689243
0.807469
0.662446
0.00292936
0.688731
0.807254
0.661848
0.0028942
0.688163
0.806993
0.661191
0.00285944
0.687538
0.806686
0.660473
0.00282508
0.686856
0.806332
0.659695
0.00279111
0.686116
0.805931
0.658855
0.00275754
0.685319
0.805481
0.657955
0.00272437
0.684463
0.804983
0.656993
0.0026916
0.683549
0.804435
0.65597
0.00265921
0.682576
0.803837
0.654885
0.00262723
0.681545
0.803189
0.653738
0.00259564
0.680455
0.802491
0.652529
0.00256444
0.679305
0.80174
0.651258
0.00253364
0.678097
0.800937
0.649925
0.00250323
0.676829
0.800082
0.648531
0.00247322
0.675502
0.799174
0.647074
0.00244361
0.674116
0.798212
0.645556
0.00241438
0.67267
0.797195
0.643976
0.00238556
0.671165
0.796125
0.642335
0.00235713
0.669601
0.794999
0.640632
0.00232909
0.667979
0.793817
0.638869
0.00230146
0.666297
0.792579
0.637045
0.00227422
0.664557
0.791285
0.635161
0.00224737
0.662759
0.789935
0.633218
0.00222092
0.660903
0.788527
0.631215
0.00219488
0.658989
0.787061
0.629154
0.00216922
0.657018
0.785538
0.627035
0.00214397
0.654991
0.783957
0.624858
0.00211912
0.652907
0.782318
0.622625
0.00209467
0.650768
0.78062
0.620335
0.00207061
0.648574
0.778863
0.617991
0.00204696
0.646325
0.777048
0.615592
0.00202371
0.644022
0.775174
0.613139
0.00200087
0.641666
0.773241
0.610634
0.00197842
0.639258
0.77125
0.608077
0.00195638
0.636799
0.769199
0.60547
0.00193475
0.634288
0.76709
0.602813
0.00191352
0.631728
0.764922
0.600107
0.0018927
0.629119
0.762695
0.597522
0.00187289
0.62663
0.760563
0.595086
0.00185418
0.624291
0.758553
0.592797
0.00183657
0.622098
0.756661
0.590652
0.00182003
0.620049
0.754887
0.588649
0.00180455
0.61814
0.753227
0.586783
0.00179012
0.616368
0.751679
0.585053
0.00177671
0.614731
0.750241
0.583455
0.00176431
0.613224
0.74891
0.581987
0.00175289
0.611845
0.747685
0.580645
0.00174244
0.610592
0.746562
0.579428
0.00173293
0.60946
0.74554
0.578332
0.00172434
0.608447
0.744615
0.577353
0.00171665
0.60755
0.743786
0.576491
0.00170984
0.606765
0.743051
0.57574
0.00170387
0.60609
0.742405
0.575099
0.00169874
0.605522
0.741849
0.574565
0.0016944
0.605057
0.741377
0.574134
0.00169084
0.604693
0.74099
0.573805
0.00168803
0.604427
0.740683
0.573573
0.00168594
0.604255
0.740454
0.573437
0.00168454
0.604175
0.740302
0.573393
0.00168381
0.604184
0.740224
0.573439
0.00168372
0.604279
0.740216
0.573571
0.00168424
0.604456
0.740278
0.573788
0.00168534
0.604714
0.740407
0.574085
0.00168699
0.605049
0.740599
0.574461
0.00168916
0.605459
0.740854
0.574912
0.00169183
0.60594
0.741168
0.575436
0.00169497
0.60649
0.74154
0.57603
0.00169855
0.607107
0.741966
0.576692
0.00170253
0.607787
0.742446
0.577418
0.00170689
0.608527
0.742976
0.578207
0.00171161
0.609326
0.743555
0.579054
0.00171665
0.61018
0.74418
0.579959
0.00172198
0.611088
0.744849
0.580918
0.00172759
0.612045
0.74556
0.581928
0.00173343
0.613051
0.746311
0.582988
0.00173949
0.614102
0.747101
0.584094
0.00174573
0.615196
0.747926
0.585245
0.00175214
0.61633
0.748785
0.586437
0.00175868
0.617503
0.749677
0.587669
0.00176534
0.618711
0.750599
0.588937
0.00177208
0.619953
0.751549
0.590241
0.00177888
0.621227
0.752525
0.591576
0.00178573
0.622529
0.753527
0.592942
0.00179259
0.623859
0.754551
0.594335
0.00179945
0.625213
0.755596
0.595754
0.00180628
0.62659
0.756661
0.597197
0.00181307
0.627987
0.757744
0.598661
0.0018198
0.629403
0.758844
0.600144
0.00182643
0.630836
0.759958
0.601645
0.00183297
0.632283
0.761085
0.603161
0.00183938
0.633744
0.762224
0.60469
0.00184566
0.635215
0.763373
0.60623
0.00185178
0.636695
0.764531
0.607779
0.00185774
0.638182
0.765696
0.609336
0.00186351
0.639675
0.766868
0.610899
0.00186908
0.641172
0.768044
0.612466
0.00187444
0.64267
0.769223
0.614034
0.00187958
0.64417
0.770404
0.615603
0.00188448
0.645668
0.771586
0.617171
0.00188913
0.647163
0.772768
0.618736
0.00189353
0.648654
0.773948
0.620296
0.00189767
0.65014
0.775126
0.621849
0.00190152
0.651618
0.776299
0.623395
0.00190509
0.653087
0.777468
0.624932
0.00190838
0.654546
0.778631
0.626458
0.00191136
0.655994
0.779786
0.627971
0.00191404
0.657429
0.780934
0.629471
0.00191641
0.658849
0.782072
0.630955
0.00191846
0.660254
0.7832
0.632423
0.0019202
0.661643
0.784318
0.633873
0.00192161
0.663013
0.785423
0.635304
0.00192269
0.664364
0.786515
0.636714
0.00192345
0.665695
0.787594
0.638102
0.00192387
0.667004
0.788659
0.639467
0.00192397
0.66829
0.789707
0.640808
0.00192373
0.669553
0.79074
0.642123
0.00192315
0.67079
0.791755
0.643412
0.00192225
0.672002
0.792753
0.644673
0.00192101
0.673186
0.793732
0.645904
0.00191944
0.674343
0.794692
0.647106
0.00191754
0.67547
0.795631
0.648276
0.0019153
0.676567
0.796549
0.649414
0.00191275
0.677634
0.797446
0.650519
0.00190987
0.678668
0.798321
0.651589
0.00190667
0.679669
0.799172
0.652624
0.00190316
0.680636
0.8
0.653623
0.00189933
0.681569
0.800804
0.654584
0.00189519
0.682465
0.801582
0.655507
0.00189075
0.683325
0.802334
0.656391
0.00188601
0.684148
0.803061
0.657234
0.00188098
0.684933
0.80376
0.658037
0.00187566
0.685678
0.804431
0.658797
0.00187006
0.686384
0.805074
0.659514
0.00186418
0.687049
0.805688
0.660188
0.00185803
0.687672
0.806272
0.660817
0.00185162
0.688253
0.806826
0.661401
0.00184495
0.688791
0.80735
0.661938
0.00183803
0.689285
0.807841
0.662429
0.00183087
0.689735
0.808301
0.662871
0.00182347
0.69014
0.808728
0.663265
0.00181584
0.690498
0.809121
0.66361
0.00180799
0.69081
0.809481
0.663905
0.00179993
0.691075
0.809806
0.664148
0.00179166
0.691291
0.810095
0.664341
0.0017832
0.691459
0.810349
0.664481
0.00177454
0.691578
0.810566
0.664568
0.0017657
0.691647
0.810747
0.664601
0.00175669
0.691665
0.810889
0.664581
0.00174751
0.691633
0.810993
0.664505
0.00173818
0.691548
0.811059
0.664375
0.00172869
0.691411
0.811084
0.664188
0.00171906
0.691222
0.81107
0.663945
0.0017093
0.690979
0.811015
0.663645
0.00169941
0.690682
0.810918
0.663287
0.00168941
0.690331
0.810779
0.662871
0.0016793
0.689925
0.810598
0.662397
0.00166909
0.689464
0.810373
0.661863
0.00165878
0.688947
0.810104
0.661271
0.00164839
0.688374
0.809791
0.660618
0.00163792
0.687745
0.809433
0.659906
0.00162739
0.687058
0.809028
0.659133
0.00161679
0.686315
0.808578
0.658299
0.00160615
0.685514
0.80808
0.657405
0.00159545
0.684655
0.807535
0.656449
0.00158472
0.683738
0.806941
0.655432
0.00157397
0.682762
0.806299
0.654353
0.00156319
0.681728
0.805607
0.653212
0.00155239
0.680636
0.804865
0.65201
0.00154159
0.679484
0.804073
0.650746
0.00153079
0.678274
0.803229
0.64942
0.00152
0.677004
0.802334
0.648032
0.00150923
0.675676
0.801386
0.646582
0.00149848
0.674288
0.800386
0.645071
0.00148775
0.672841
0.799332
0.643498
0.00147707
0.671335
0.798225
0.641864
0.00146643
0.669771
0.797063
0.640169
0.00145583
0.668147
0.795846
0.638413
0.0014453
0.666466
0.794575
0.636597
0.00143483
0.664725
0.793247
0.634721
0.00142443
0.662927
0.791864
0.632785
0.00141411
0.661071
0.790424
0.63079
0.00140387
0.659157
0.788928
0.628736
0.00139372
0.657187
0.787374
0.626624
0.00138367
0.65516
0.785763
0.624455
0.00137372
0.653077
0.784095
0.62223
0.00136388
0.650938
0.782369
0.619948
0.00135415
0.648744
0.780585
0.617611
0.00134455
0.646496
0.778743
0.61522
0.00133507
0.644194
0.776842
0.612775
0.00132573
0.641839
0.774884
0.610278
0.00131652
0.639432
0.772867
0.607728
0.00130746
0.636973
0.770791
0.605129
0.00129855
0.634464
0.768658
0.60248
0.0012898
0.631905
0.766466
0.599782
0.00128121
0.629297
0.764217
0.597189
0.00127332
0.626794
0.762048
0.594745
0.00126629
0.624441
0.760002
0.592449
0.00126012
0.622234
0.758075
0.590297
0.00125479
0.620171
0.756266
0.588286
0.00125029
0.618249
0.754572
0.586413
0.00124661
0.616465
0.752991
0.584677
0.00124374
0.614815
0.75152
0.583073
0.00124166
0.613297
0.750158
0.581599
0.00124035
0.611906
0.748901
0.580252
0.0012398
0.610641
0.747748
0.579029
0.00124
0.609499
0.746696
0.577928
0.00124092
0.608475
0.745742
0.576944
0.00124255
0.607567
0.744884
0.576077
0.00124487
0.606773
0.74412
0.575322
0.00124785
0.606088
0.743448
0.574677
0.00125148
0.605511
0.742864
0.574139
0.00125574
0.605037
0.742366
0.573705
0.0012606
0.604664
0.741953
0.573372
0.00126604
0.604389
0.741621
0.573137
0.00127203
0.604209
0.741368
0.572998
0.00127856
0.604121
0.741192
0.572951
0.0012856
0.604123
0.74109
0.572994
0.00129312
0.60421
0.74106
0.573124
0.0013011
0.604381
0.741099
0.573339
0.00130952
0.604632
0.741206
0.573634
0.00131834
0.60496
0.741377
0.574008
0.00132755
0.605364
0.741611
0.574458
0.00133711
0.605839
0.741905
0.574981
0.00134701
0.606384
0.742256
0.575574
0.00135721
0.606995
0.742664
0.576235
0.0013677
0.607669
0.743124
0.576961
0.00137843
0.608405
0.743636
0.577749
0.0013894
0.609199
0.744197
0.578597
0.00140057
0.610049
0.744804
0.579501
0.00141191
0.610952
0.745456
0.58046
0.00142341
0.611906
0.746151
0.581471
0.00143503
0.612908
0.746886
0.582532
0.00144676
0.613955
0.74766
0.583639
0.00145857
0.615046
0.74847
0.58479
0.00147043
0.616177
0.749314
0.585984
0.00148233
0.617347
0.750191
0.587216
0.00149424
0.618553
0.751099
0.588486
0.00150613
0.619793
0.752035
0.589791
0.00151799
0.621064
0.752998
0.591129
0.00152979
0.622364
0.753986
0.592496
0.00154152
0.623692
0.754998
0.593892
0.00155315
0.625044
0.756031
0.595313
0.00156467
0.62642
0.757084
0.596758
0.00157606
0.627816
0.758156
0.598225
0.00158729
0.629231
0.759244
0.599711
0.00159835
0.630663
0.760347
0.601214
0.00160923
0.63211
0.761464
0.602733
0.00161991
0.633569
0.762592
0.604265
0.00163036
0.63504
0.763731
0.605808
0.00164059
0.63652
0.76488
0.607361
0.00165057
0.638007
0.766035
0.608921
0.0016603
0.6395
0.767197
0.610487
0.00166975
0.640997
0.768365
0.612058
0.00167892
0.642496
0.769535
0.61363
0.00168779
0.643995
0.770708
0.615203
0.00169636
0.645494
0.771882
0.616774
0.00170462
0.64699
0.773056
0.618343
0.00171255
0.648482
0.774229
0.619907
0.00172015
0.649968
0.775399
0.621465
0.00172741
0.651447
0.776565
0.623015
0.00173432
0.652918
0.777727
0.624556
0.00174088
0.654378
0.778883
0.626086
0.00174708
0.655827
0.780032
0.627604
0.00175292
0.657264
0.781173
0.629108
0.00175838
0.658686
0.782306
0.630597
0.00176348
0.660093
0.783428
0.63207
0.0017682
0.661483
0.78454
0.633524
0.00177254
0.662855
0.78564
0.63496
0.00177651
0.664208
0.786727
0.636375
0.00178008
0.665541
0.787801
0.637768
0.00178328
0.666852
0.788861
0.639138
0.00178609
0.668141
0.789905
0.640484
0.00178852
0.669406
0.790933
0.641804
0.00179057
0.670646
0.791944
0.643098
0.00179223
0.67186
0.792938
0.644364
0.00179351
0.673047
0.793913
0.645601
0.00179442
0.674206
0.794869
0.646808
0.00179495
0.675336
0.795805
0.647983
0.0017951
0.676436
0.79672
0.649127
0.00179488
0.677505
0.797613
0.650237
0.0017943
0.678542
0.798485
0.651313
0.00179335
0.679547
0.799334
0.652354
0.00179205
0.680517
0.800159
0.653358
0.00179039
0.681453
0.800959
0.654325
0.00178838
0.682353
0.801735
0.655253
0.00178603
0.683216
0.802485
0.656142
0.00178334
0.684042
0.803209
0.656991
0.00178032
0.68483
0.803906
0.6578
0.00177697
0.685579
0.804575
0.658566
0.00177331
0.686288
0.805217
0.659289
0.00176933
0.686957
0.805829
0.659968
0.00176504
0.687584
0.806412
0.660603
0.00176046
0.688168
0.806964
0.661193
0.00175558
0.68871
0.807486
0.661736
0.00175042
0.689208
0.807977
0.662233
0.00174498
0.689662
0.808435
0.662681
0.00173928
0.69007
0.808861
0.663081
0.00173331
0.690433
0.809254
0.663432
0.00172709
0.690749
0.809613
0.663732
0.00172063
0.691017
0.809937
0.663982
0.00171393
0.691238
0.810226
0.664181
0.001707
0.69141
0.810479
0.664327
0.00169985
0.691533
0.810696
0.66442
0.00169249
0.691606
0.810876
0.66446
0.00168493
0.691629
0.811019
0.664445
0.00167717
0.691601
0.811123
0.664376
0.00166923
0.691521
0.811189
0.664252
0.00166111
0.691388
0.811215
0.664071
0.00165282
0.691203
0.811201
0.663834
0.00164437
0.690965
0.811146
0.66354
0.00163578
0.690673
0.81105
0.663189
0.00162704
0.690326
0.810911
0.662779
0.00161816
0.689925
0.810731
0.662311
0.00160917
0.689468
0.810507
0.661784
0.00160005
0.688956
0.810239
0.661198
0.00159083
0.688388
0.809927
0.660552
0.00158151
0.687763
0.80957
0.659846
0.0015721
0.687081
0.809167
0.659079
0.0015626
0.686342
0.808717
0.658252
0.00155303
0.685546
0.808221
0.657364
0.0015434
0.684692
0.807677
0.656414
0.00153371
0.683779
0.807085
0.655403
0.00152396
0.682809
0.806445
0.65433
0.00151418
0.68178
0.805755
0.653196
0.00150436
0.680692
0.805015
0.652
0.00149452
0.679545
0.804224
0.650742
0.00148466
0.678339
0.803383
0.649422
0.00147479
0.677075
0.802489
0.648041
0.00146491
0.675751
0.801544
0.646597
0.00145504
0.674368
0.800546
0.645092
0.00144518
0.672926
0.799494
0.643525
0.00143535
0.671425
0.798389
0.641897
0.00142553
0.669866
0.79723
0.640208
0.00141576
0.668247
0.796016
0.638458
0.00140602
0.66657
0.794747
0.636648
0.00139633
0.664834
0.793422
0.634777
0.0013867
0.663041
0.792042
0.632847
0.00137712
0.661189
0.790605
0.630858
0.00136762
0.659281
0.789111
0.62881
0.00135819
0.657315
0.787561
0.626704
0.00134885
0.655292
0.785953
0.62454
0.00133959
0.653214
0.784287
0.62232
0.00133042
0.651079
0.782564
0.620044
0.00132136
0.64889
0.780783
0.617712
0.0013124
0.646646
0.778944
0.615326
0.00130356
0.644349
0.777047
0.612887
0.00129484
0.641998
0.775091
0.610394
0.00128624
0.639595
0.773077
0.60785
0.00127778
0.637141
0.771005
0.605255
0.00126946
0.634636
0.768875
0.602611
0.00126128
0.632081
0.766687
0.599918
0.00125325
0.629477
0.764441
0.597314
0.00124585
0.626962
0.762262
0.59486
0.00123931
0.624598
0.760205
0.592554
0.00123361
0.62238
0.758268
0.590392
0.00122874
0.620307
0.756449
0.588371
0.0012247
0.618375
0.754745
0.586489
0.00122147
0.61658
0.753154
0.584743
0.00121903
0.61492
0.751674
0.58313
0.00121737
0.613392
0.750303
0.581648
0.00121649
0.611992
0.749037
0.580292
0.00121635
0.610718
0.747875
0.579061
0.00121695
0.609566
0.746815
0.577951
0.00121826
0.608534
0.745853
0.57696
0.00122028
0.607618
0.744987
0.576084
0.00122297
0.606815
0.744215
0.575322
0.00122633
0.606122
0.743535
0.574669
0.00123032
0.605537
0.742943
0.574124
0.00123494
0.605055
0.742439
0.573683
0.00124015
0.604675
0.742018
0.573343
0.00124593
0.604393
0.741679
0.573102
0.00125226
0.604206
0.74142
0.572956
0.00125913
0.604112
0.741237
0.572903
0.00126649
0.604106
0.741129
0.57294
0.00127433
0.604187
0.741092
0.573065
0.00128263
0.604352
0.741126
0.573273
0.00129136
0.604597
0.741227
0.573564
0.00130049
0.60492
0.741393
0.573933
0.00131
0.605318
0.741621
0.574378
0.00131987
0.605789
0.74191
0.574896
0.00133006
0.606328
0.742257
0.575484
0.00134055
0.606934
0.742659
0.576141
0.00135132
0.607604
0.743115
0.576862
0.00136233
0.608336
0.743623
0.577646
0.00137358
0.609126
0.744179
0.57849
0.00138502
0.609972
0.744782
0.579391
0.00139663
0.610871
0.745431
0.580347
0.0014084
0.611821
0.746122
0.581355
0.00142028
0.612819
0.746853
0.582412
0.00143227
0.613864
0.747623
0.583516
0.00144433
0.614951
0.74843
0.584665
0.00145645
0.61608
0.749272
0.585856
0.0014686
0.617247
0.750146
0.587086
0.00148075
0.61845
0.75105
0.588354
0.00149288
0.619688
0.751984
0.589657
0.00150498
0.620957
0.752945
0.590992
0.00151702
0.622255
0.753931
0.592358
0.00152899
0.623581
0.75494
0.593752
0.00154085
0.624932
0.755971
0.595172
0.0015526
0.626306
0.757023
0.596616
0.0015642
0.6277
0.758092
0.598082
0.00157566
0.629114
0.759179
0.599567
0.00158694
0.630545
0.760281
0.601069
0.00159804
0.631991
0.761396
0.602587
0.00160893
0.633449
0.762523
0.604119
0.0016196
0.634919
0.763661
0.605662
0.00163004
0.636399
0.764808
0.607214
0.00164022
0.637886
0.765963
0.608775
0.00165015
0.639378
0.767125
0.610341
0.00165981
0.640875
0.768291
0.611911
0.00166917
0.642374
0.769461
0.613484
0.00167824
0.643874
0.770634
0.615057
0.00168701
0.645373
0.771807
0.61663
0.00169545
0.646869
0.772981
0.618199
0.00170357
0.648362
0.774153
0.619764
0.00171136
0.649849
0.775324
0.621323
0.0017188
0.651328
0.77649
0.622874
0.0017259
0.6528
0.777652
0.624416
0.00173264
0.654261
0.778808
0.625947
0.00173901
0.655711
0.779958
0.627466
0.00174502
0.657148
0.781099
0.628972
0.00175066
0.658572
0.782232
0.630463
0.00175593
0.65998
0.783355
0.631937
0.00176082
0.661372
0.784467
0.633393
0.00176532
0.662745
0.785568
0.634831
0.00176945
0.6641
0.786656
0.636248
0.00177318
0.665435
0.787731
0.637643
0.00177654
0.666748
0.788791
0.639015
0.00177951
0.668038
0.789836
0.640363
0.00178209
0.669305
0.790866
0.641686
0.00178428
0.670547
0.791878
0.642982
0.00178609
0.671763
0.792873
0.64425
0.00178752
0.672952
0.793849
0.64549
0.00178857
0.674114
0.794806
0.646699
0.00178924
0.675246
0.795743
0.647878
0.00178953
0.676349
0.79666
0.649024
0.00178945
0.67742
0.797555
0.650137
0.001789
0.67846
0.798428
0.651216
0.00178818
0.679467
0.799278
0.652259
0.00178701
0.68044
0.800105
0.653266
0.00178547
0.681378
0.800907
0.654236
0.00178359
0.682281
0.801685
0.655168
0.00178136
0.683147
0.802437
0.656061
0.00177879
0.683976
0.803162
0.656913
0.00177589
0.684767
0.803861
0.657725
0.00177266
0.685519
0.804533
0.658494
0.0017691
0.686231
0.805176
0.659221
0.00176523
0.686903
0.80579
0.659904
0.00176106
0.687533
0.806375
0.660543
0.00175658
0.688121
0.80693
0.661136
0.00175181
0.688666
0.807454
0.661683
0.00174675
0.689168
0.807947
0.662183
0.00174141
0.689625
0.808408
0.662636
0.0017358
0.690037
0.808836
0.66304
0.00172993
0.690403
0.809231
0.663394
0.00172381
0.690723
0.809592
0.663699
0.00171743
0.690995
0.809919
0.663953
0.00171082
0.69122
0.810211
0.664155
0.00170398
0.691396
0.810467
0.664306
0.00169692
0.691522
0.810686
0.664403
0.00168964
0.691599
0.810869
0.664447
0.00168216
0.691626
0.811014
0.664437
0.00167448
0.691601
0.811121
0.664373
0.00166662
0.691525
0.81119
0.664252
0.00165858
0.691397
0.811219
0.664076
0.00165036
0.691216
0.811208
0.663844
0.00164199
0.690982
0.811156
0.663554
0.00163346
0.690694
0.811063
0.663208
0.00162479
0.690351
0.810928
0.662803
0.00161599
0.689954
0.81075
0.662339
0.00160705
0.689502
0.810529
0.661817
0.001598
0.688994
0.810265
0.661235
0.00158884
0.68843
0.809956
0.660594
0.00157958
0.68781
0.809602
0.659892
0.00157023
0.687132
0.809203
0.659131
0.00156079
0.686398
0.808757
0.658308
0.00155128
0.685606
0.808264
0.657425
0.00154169
0.684756
0.807724
0.65648
0.00153205
0.683848
0.807135
0.655474
0.00152236
0.682882
0.806498
0.654406
0.00151263
0.681858
0.805812
0.653276
0.00150286
0.680774
0.805076
0.652085
0.00149306
0.679632
0.804289
0.650832
0.00148324
0.678431
0.803451
0.649517
0.00147341
0.677171
0.802562
0.64814
0.00146358
0.675852
0.80162
0.646702
0.00145375
0.674473
0.800626
0.645201
0.00144393
0.673036
0.799579
0.643639
0.00143413
0.67154
0.798478
0.642016
0.00142436
0.669984
0.797323
0.640332
0.00141461
0.66837
0.796113
0.638586
0.00140491
0.666697
0.794848
0.636781
0.00139525
0.664966
0.793527
0.634915
0.00138565
0.663177
0.792151
0.632989
0.00137611
0.66133
0.790718
0.631005
0.00136664
0.659426
0.789229
0.628961
0.00135723
0.657464
0.787682
0.62686
0.00134791
0.655446
0.786079
0.624701
0.00133868
0.653372
0.784418
0.622485
0.00132954
0.651242
0.782699
0.620213
0.0013205
0.649057
0.780922
0.617886
0.00131157
0.646817
0.779088
0.615504
0.00130275
0.644524
0.777195
0.613068
0.00129405
0.642177
0.775244
0.61058
0.00128547
0.639778
0.773234
0.60804
0.00127702
0.637327
0.771167
0.605449
0.00126871
0.634826
0.769041
0.602809
0.00126055
0.632275
0.766857
0.600119
0.00125253
0.629675
0.764615
0.597504
0.0012451
0.627148
0.762426
0.595039
0.00123852
0.624773
0.76036
0.592722
0.00123278
0.622544
0.758414
0.590549
0.00122788
0.62046
0.756586
0.588517
0.00122379
0.618517
0.754874
0.586625
0.00122052
0.616712
0.753274
0.584869
0.00121805
0.615042
0.751786
0.583246
0.00121635
0.613504
0.750406
0.581753
0.00121543
0.612095
0.749133
0.580388
0.00121526
0.610811
0.747963
0.579148
0.00121582
0.60965
0.746895
0.578029
0.0012171
0.608609
0.745925
0.577029
0.00121909
0.607684
0.745052
0.576145
0.00122175
0.606872
0.744273
0.575374
0.00122507
0.606171
0.743586
0.574713
0.00122904
0.605578
0.742988
0.57416
0.00123363
0.605089
0.742476
0.573711
0.00123881
0.604701
0.74205
0.573363
0.00124457
0.604411
0.741704
0.573115
0.00125088
0.604217
0.741439
0.572962
0.00125772
0.604116
0.74125
0.572902
0.00126506
0.604104
0.741136
0.572933
0.00127289
0.604179
0.741095
0.57305
0.00128117
0.604337
0.741123
0.573253
0.00128988
0.604576
0.741219
0.573537
0.001299
0.604893
0.74138
0.5739
0.00130849
0.605286
0.741603
0.574339
0.00131835
0.605751
0.741888
0.574852
0.00132853
0.606285
0.74223
0.575435
0.00133901
0.606886
0.742628
0.576087
0.00134977
0.607551
0.74308
0.576804
0.00136078
0.608278
0.743584
0.577583
0.00137202
0.609064
0.744137
0.578422
0.00138346
0.609905
0.744737
0.579319
0.00139508
0.610801
0.745381
0.580271
0.00140684
0.611747
0.746069
0.581275
0.00141874
0.612742
0.746798
0.582328
0.00143073
0.613783
0.747565
0.583429
0.0014428
0.614867
0.748369
0.584574
0.00145492
0.615993
0.749208
0.585762
0.00146708
0.617157
0.750079
0.58699
0.00147924
0.618358
0.750982
0.588255
0.00149139
0.619592
0.751913
0.589555
0.0015035
0.620859
0.752872
0.590888
0.00151556
0.622155
0.753856
0.592252
0.00152754
0.623479
0.754864
0.593644
0.00153942
0.624828
0.755894
0.595062
0.00155119
0.6262
0.756943
0.596504
0.00156282
0.627594
0.758012
0.597968
0.0015743
0.629006
0.759097
0.599452
0.0015856
0.630436
0.760197
0.600953
0.00159672
0.63188
0.761312
0.60247
0.00160764
0.633338
0.762438
0.604
0.00161833
0.634807
0.763575
0.605543
0.0016288
0.636286
0.764722
0.607095
0.00163901
0.637772
0.765876
0.608654
0.00164897
0.639264
0.767037
0.61022
0.00165865
0.640761
0.768203
0.611791
0.00166805
0.64226
0.769373
0.613363
0.00167715
0.64376
0.770545
0.614936
0.00168595
0.645259
0.771719
0.616509
0.00169442
0.646756
0.772893
0.618078
0.00170258
0.648248
0.774065
0.619644
0.0017104
0.649736
0.775235
0.621203
0.00171787
0.651216
0.776402
0.622755
0.001725
0.652688
0.777564
0.624298
0.00173178
0.65415
0.778721
0.62583
0.00173819
0.655601
0.779871
0.62735
0.00174423
0.65704
0.781013
0.628857
0.00174991
0.658464
0.782147
0.630349
0.00175521
0.659873
0.783271
0.631824
0.00176013
0.661266
0.784384
0.633282
0.00176467
0.662641
0.785486
0.634721
0.00176883
0.663998
0.786575
0.63614
0.00177261
0.665334
0.78765
0.637537
0.00177599
0.666648
0.788712
0.638911
0.001779
0.667941
0.789758
0.640261
0.00178161
0.669209
0.790789
0.641585
0.00178384
0.670453
0.791802
0.642883
0.00178569
0.671672
0.792798
0.644154
0.00178715
0.672863
0.793776
0.645396
0.00178823
0.674026
0.794735
0.646608
0.00178893
0.675161
0.795673
0.647788
0.00178926
0.676266
0.796591
0.648937
0.00178921
0.67734
0.797488
0.650053
0.0017888
0.678382
0.798363
0.651134
0.00178801
0.679391
0.799215
0.65218
0.00178687
0.680367
0.800043
0.65319
0.00178537
0.681308
0.800847
0.654163
0.00178352
0.682213
0.801627
0.655098
0.00178132
0.683083
0.802381
0.655994
0.00177878
0.683915
0.803109
0.656849
0.0017759
0.684708
0.80381
0.657664
0.0017727
0.685463
0.804483
0.658437
0.00176917
0.686179
0.805128
0.659167
0.00176533
0.686853
0.805745
0.659853
0.00176118
0.687487
0.806332
0.660495
0.00175673
0.688078
0.806889
0.661092
0.00175199
0.688626
0.807416
0.661643
0.00174695
0.689131
0.807911
0.662146
0.00174164
0.689592
0.808374
0.662602
0.00173606
0.690007
0.808805
0.66301
0.00173021
0.690377
0.809202
0.663369
0.0017241
0.6907
0.809566
0.663677
0.00171775
0.690976
0.809896
0.663935
0.00171116
0.691204
0.81019
0.664141
0.00170434
0.691384
0.810449
0.664296
0.0016973
0.691514
0.810671
0.664397
0.00169004
0.691595
0.810857
0.664445
0.00168258
0.691626
0.811005
0.664439
0.00167492
0.691605
0.811115
0.664379
0.00166707
0.691533
0.811186
0.664263
0.00165905
0.691408
0.811218
0.664091
0.00165085
0.691231
0.81121
0.663863
0.00164249
0.691001
0.811162
0.663578
0.00163398
0.690717
0.811072
0.663235
0.00162532
0.690379
0.81094
0.662835
0.00161653
0.689986
0.810766
0.662376
0.00160761
0.689538
0.810548
0.661858
0.00159857
0.689035
0.810287
0.661281
0.00158942
0.688475
0.809982
0.660644
0.00158016
0.687859
0.809631
0.659947
0.00157082
0.687186
0.809235
0.65919
0.00156139
0.686456
0.808793
0.658372
0.00155188
0.685668
0.808303
0.657493
0.00154231
0.684823
0.807767
0.656553
0.00153268
0.683919
0.807182
0.655552
0.00152299
0.682958
0.806549
0.654489
0.00151326
0.681938
0.805866
0.653364
0.00150349
0.680859
0.805134
0.652178
0.0014937
0.679721
0.804351
0.650929
0.00148389
0.678524
0.803517
0.649619
0.00147406
0.677269
0.802632
0.648247
0.00146423
0.675954
0.801694
0.646813
0.0014544
0.67458
0.800704
0.645317
0.00144458
0.673147
0.799661
0.64376
0.00143478
0.671655
0.798564
0.642141
0.00142501
0.670105
0.797413
0.640462
0.00141526
0.668495
0.796207
0.638721
0.00140556
0.666827
0.794946
0.63692
0.0013959
0.6651
0.79363
0.635059
0.0013863
0.663315
0.792258
0.633138
0.00137675
0.661473
0.790829
0.631158
0.00136727
0.659573
0.789344
0.629119
0.00135787
0.657615
0.787802
0.627021
0.00134854
0.655602
0.786203
0.624867
0.0013393
0.653531
0.784546
0.622655
0.00133016
0.651406
0.782832
0.620388
0.00132111
0.649225
0.78106
0.618064
0.00131217
0.646989
0.77923
0.615687
0.00130334
0.6447
0.777341
0.613255
0.00129463
0.642357
0.775394
0.610771
0.00128605
0.639962
0.773389
0.608235
0.00127759
0.637516
0.771326
0.605648
0.00126928
0.635018
0.769205
0.603011
0.0012611
0.632471
0.767025
0.600325
0.00125308
0.629874
0.764788
0.597699
0.00124558
0.627336
0.76259
0.595222
0.00123893
0.624949
0.760514
0.592894
0.00123313
0.62271
0.758559
0.59071
0.00122816
0.620615
0.756722
0.588668
0.00122402
0.618661
0.755001
0.586765
0.00122069
0.616846
0.753393
0.584999
0.00121815
0.615165
0.751897
0.583366
0.0012164
0.613617
0.750509
0.581863
0.00121542
0.612198
0.749227
0.580488
0.0012152
0.610905
0.748049
0.579238
0.0012157
0.609735
0.746973
0.57811
0.00121693
0.608685
0.745996
0.577101
0.00121886
0.607751
0.745116
0.576209
0.00122148
0.606931
0.74433
0.575429
0.00122475
0.606222
0.743636
0.57476
0.00122867
0.60562
0.743031
0.574199
0.00123321
0.605123
0.742513
0.573742
0.00123835
0.604728
0.74208
0.573387
0.00124406
0.604431
0.741729
0.573131
0.00125033
0.60423
0.741457
0.572971
0.00125714
0.604121
0.741263
0.572904
0.00126444
0.604102
0.741143
0.572928
0.00127223
0.604171
0.741096
0.573039
0.00128048
0.604323
0.741119
0.573235
0.00128916
0.604556
0.74121
0.573513
0.00129825
0.604867
0.741366
0.57387
0.00130772
0.605254
0.741585
0.574304
0.00131755
0.605713
0.741865
0.574811
0.0013277
0.606242
0.742203
0.575389
0.00133817
0.606839
0.742597
0.576036
0.00134891
0.607499
0.743045
0.576747
0.0013599
0.608221
0.743545
0.577522
0.00137113
0.609002
0.744094
0.578357
0.00138255
0.60984
0.74469
0.57925
0.00139415
0.610731
0.745332
0.580197
0.00140591
0.611674
0.746016
0.581197
0.00141779
0.612665
0.746742
0.582247
0.00142978
0.613702
0.747506
0.583344
0.00144185
0.614784
0.748307
0.584486
0.00145397
0.615906
0.749143
0.585671
0.00146612
0.617068
0.750013
0.586896
0.00147828
0.618266
0.750913
0.588158
0.00149044
0.619498
0.751842
0.589456
0.00150255
0.620762
0.752799
0.590786
0.00151462
0.622056
0.753781
0.592148
0.0015266
0.623378
0.754787
0.593538
0.00153849
0.624725
0.755815
0.594954
0.00155027
0.626096
0.756863
0.596394
0.00156191
0.627488
0.75793
0.597857
0.0015734
0.628899
0.759014
0.599339
0.00158472
0.630327
0.760114
0.600839
0.00159585
0.63177
0.761227
0.602355
0.00160679
0.633227
0.762353
0.603884
0.0016175
0.634696
0.763489
0.605426
0.00162798
0.636174
0.764635
0.606977
0.00163822
0.637659
0.765789
0.608536
0.0016482
0.639151
0.766949
0.610102
0.0016579
0.640648
0.768115
0.611672
0.00166732
0.642146
0.769284
0.613244
0.00167644
0.643646
0.770457
0.614817
0.00168526
0.645145
0.77163
0.61639
0.00169377
0.646642
0.772804
0.61796
0.00170194
0.648135
0.773977
0.619525
0.00170979
0.649623
0.775147
0.621085
0.00171729
0.651104
0.776314
0.622638
0.00172445
0.652577
0.777477
0.624181
0.00173125
0.65404
0.778634
0.625714
0.00173769
0.655492
0.779784
0.627235
0.00174376
0.656931
0.780927
0.628743
0.00174947
0.658357
0.782061
0.630236
0.0017548
0.659767
0.783186
0.631713
0.00175975
0.661161
0.7843
0.633172
0.00176432
0.662538
0.785403
0.634613
0.00176851
0.663895
0.786493
0.636033
0.00177231
0.665233
0.787569
0.637431
0.00177573
0.666549
0.788632
0.638807
0.00177876
0.667843
0.789679
0.640159
0.00178141
0.669114
0.790711
0.641486
0.00178367
0.67036
0.791726
0.642786
0.00178554
0.67158
0.792723
0.644059
0.00178703
0.672774
0.793703
0.645303
0.00178814
0.673939
0.794663
0.646517
0.00178887
0.675076
0.795603
0.6477
0.00178923
0.676183
0.796523
0.648851
0.00178921
0.677259
0.797421
0.649969
0.00178882
0.678304
0.798297
0.651053
0.00178807
0.679316
0.799151
0.652102
0.00178695
0.680294
0.799981
0.653115
0.00178548
0.681238
0.800787
0.654091
0.00178365
0.682146
0.801569
0.655028
0.00178148
0.683018
0.802325
0.655927
0.00177897
0.683853
0.803055
0.656786
0.00177612
0.68465
0.803757
0.657604
0.00177294
0.685407
0.804433
0.658379
0.00176944
0.686126
0.805081
0.659113
0.00176562
0.686804
0.805699
0.659803
0.00176149
0.68744
0.806289
0.660448
0.00175707
0.688035
0.806848
0.661048
0.00175234
0.688586
0.807377
0.661603
0.00174733
0.689095
0.807875
0.66211
0.00174204
0.689559
0.80834
0.66257
0.00173648
0.689977
0.808773
0.662981
0.00173065
0.690351
0.809174
0.663343
0.00172456
0.690677
0.80954
0.663656
0.00171823
0.690957
0.809872
0.663917
0.00171166
0.691189
0.810169
0.664128
0.00170486
0.691372
0.810431
0.664286
0.00169783
0.691506
0.810656
0.664391
0.00169059
0.691591
0.810844
0.664444
0.00168314
0.691625
0.810995
0.664442
0.0016755
0.691608
0.811108
0.664385
0.00166766
0.69154
0.811182
0.664274
0.00165965
0.69142
0.811217
0.664106
0.00165147
0.691247
0.811212
0.663883
0.00164312
0.691021
0.811167
0.663602
0.00163462
0.690741
0.81108
0.663264
0.00162597
0.690407
0.810951
0.662868
0.00161719
0.690018
0.81078
0.662413
0.00160828
0.689574
0.810566
0.6619
0.00159925
0.689075
0.810309
0.661327
0.00159011
0.688519
0.810006
0.660695
0.00158086
0.687908
0.809659
0.660003
0.00157152
0.687239
0.809267
0.65925
0.0015621
0.686513
0.808828
0.658437
0.0015526
0.68573
0.808342
0.657563
0.00154303
0.684889
0.807809
0.656627
0.0015334
0.68399
0.807228
0.65563
0.00152372
0.683033
0.806599
0.654572
0.00151399
0.682017
0.80592
0.653452
0.00150423
0.680943
0.805191
0.65227
0.00149444
0.679809
0.804412
0.651026
0.00148463
0.678617
0.803582
0.649721
0.0014748
0.677366
0.802701
0.648353
0.00146497
0.676056
0.801767
0.646924
0.00145514
0.674687
0.800781
0.645433
0.00144532
0.673258
0.799742
0.643881
0.00143552
0.671771
0.798649
0.642267
0.00142574
0.670224
0.797502
0.640592
0.001416
0.668619
0.796301
0.638856
0.00140629
0.666955
0.795044
0.637059
0.00139663
0.665233
0.793732
0.635202
0.00138702
0.663453
0.792364
0.633286
0.00137747
0.661615
0.79094
0.63131
0.00136798
0.659719
0.789459
0.629276
0.00135857
0.657766
0.787922
0.627183
0.00134924
0.655756
0.786327
0.625033
0.00134
0.653691
0.784675
0.622826
0.00133084
0.651569
0.782965
0.620562
0.00132179
0.649392
0.781197
0.618243
0.00131284
0.647161
0.779371
0.61587
0.00130401
0.644876
0.777487
0.613442
0.00129529
0.642537
0.775545
0.610962
0.00128669
0.640146
0.773544
0.60843
0.00127823
0.637703
0.771485
0.605846
0.0012699
0.63521
0.769368
0.603213
0.00126171
0.632666
0.767193
0.600531
0.00125368
0.630073
0.76496
0.597893
0.00124611
0.627524
0.762753
0.595405
0.0012394
0.625125
0.760668
0.593065
0.00123354
0.622875
0.758704
0.590871
0.00122851
0.620769
0.756858
0.588818
0.0012243
0.618805
0.755128
0.586905
0.00122091
0.616979
0.753512
0.585128
0.00121831
0.615288
0.752007
0.583485
0.0012165
0.61373
0.750611
0.581973
0.00121547
0.612302
0.749321
0.580588
0.00121518
0.610999
0.748135
0.579329
0.00121563
0.60982
0.747052
0.578192
0.00121681
0.60876
0.746067
0.577174
0.00121869
0.607818
0.74518
0.576272
0.00122125
0.606989
0.744387
0.575484
0.00122448
0.606272
0.743686
0.574807
0.00122835
0.605662
0.743074
0.574237
0.00123284
0.605157
0.74255
0.573773
0.00123793
0.604754
0.74211
0.57341
0.00124361
0.60445
0.741753
0.573147
0.00124983
0.604242
0.741475
0.57298
0.0012566
0.604126
0.741275
0.572906
0.00126387
0.604101
0.74115
0.572923
0.00127162
0.604162
0.741098
0.573027
0.00127983
0.604308
0.741115
0.573217
0.00128848
0.604535
0.741201
0.573489
0.00129754
0.604841
0.741352
0.57384
0.00130698
0.605222
0.741566
0.574268
0.00131678
0.605676
0.741841
0.57477
0.00132692
0.6062
0.742175
0.575343
0.00133736
0.606791
0.742565
0.575984
0.00134808
0.607447
0.743009
0.576691
0.00135905
0.608164
0.743505
0.577461
0.00137026
0.608941
0.74405
0.578291
0.00138167
0.609774
0.744643
0.57918
0.00139326
0.610662
0.745281
0.580123
0.00140501
0.6116
0.745963
0.581119
0.00141688
0.612588
0.746685
0.582165
0.00142886
0.613622
0.747447
0.583259
0.00144092
0.6147
0.748245
0.584398
0.00145304
0.615819
0.749079
0.585579
0.00146519
0.616978
0.749945
0.586801
0.00147736
0.618173
0.750843
0.58806
0.00148951
0.619403
0.751771
0.589356
0.00150163
0.620665
0.752725
0.590684
0.0015137
0.621957
0.753706
0.592043
0.00152569
0.623276
0.75471
0.593431
0.00153759
0.624622
0.755736
0.594845
0.00154937
0.625991
0.756783
0.596284
0.00156103
0.627381
0.757849
0.597744
0.00157253
0.628791
0.758931
0.599225
0.00158386
0.630218
0.76003
0.600724
0.00159501
0.63166
0.761142
0.602239
0.00160596
0.633116
0.762267
0.603767
0.00161669
0.634584
0.763402
0.605308
0.00162719
0.636061
0.764547
0.606858
0.00163745
0.637546
0.765701
0.608417
0.00164744
0.639038
0.766861
0.609982
0.00165717
0.640534
0.768026
0.611552
0.00166661
0.642032
0.769195
0.613124
0.00167576
0.643532
0.770367
0.614698
0.0016846
0.645031
0.771541
0.61627
0.00169313
0.646528
0.772715
0.61784
0.00170133
0.648022
0.773887
0.619406
0.0017092
0.64951
0.775058
0.620967
0.00171673
0.650992
0.776226
0.62252
0.00172391
0.652465
0.777389
0.624064
0.00173074
0.653929
0.778546
0.625598
0.00173721
0.655382
0.779697
0.62712
0.00174331
0.656822
0.780841
0.628629
0.00174904
0.658249
0.781976
0.630123
0.0017544
0.65966
0.783101
0.631601
0.00175938
0.661056
0.784216
0.633062
0.00176398
0.662434
0.785319
0.634504
0.0017682
0.663793
0.78641
0.635925
0.00177203
0.665132
0.787488
0.637326
0.00177548
0.66645
0.788552
0.638703
0.00177854
0.667746
0.7896
0.640057
0.00178122
0.669018
0.790633
0.641386
0.00178351
0.670266
0.79165
0.642688
0.00178541
0.671488
0.792648
0.643963
0.00178693
0.672684
0.793629
0.645209
0.00178807
0.673852
0.79459
0.646425
0.00178883
0.674991
0.795532
0.647611
0.00178921
0.6761
0.796454
0.648765
0.00178922
0.677179
0.797354
0.649885
0.00178886
0.678226
0.798232
0.650972
0.00178813
0.67924
0.799087
0.652024
0.00178705
0.680221
0.799919
0.653039
0.0017856
0.681167
0.800727
0.654018
0.0017838
0.682078
0.80151
0.654959
0.00178165
0.682953
0.802268
0.65586
0.00177917
0.683791
0.803
0.656722
0.00177634
0.68459
0.803705
0.657543
0.00177319
0.685351
0.804383
0.658322
0.00176971
0.686073
0.805032
0.659059
0.00176592
0.686754
0.805653
0.659752
0.00176182
0.687393
0.806245
0.660401
0.00175741
0.687991
0.806807
0.661004
0.00175271
0.688546
0.807338
0.661562
0.00174772
0.689058
0.807838
0.662073
0.00174245
0.689525
0.808306
0.662537
0.00173691
0.689947
0.808742
0.662952
0.0017311
0.690324
0.809144
0.663318
0.00172503
0.690654
0.809513
0.663634
0.00171872
0.690937
0.809848
0.663899
0.00171217
0.691173
0.810148
0.664114
0.00170538
0.69136
0.810412
0.664276
0.00169837
0.691498
0.81064
0.664385
0.00169115
0.691586
0.810831
0.664442
0.00168371
0.691624
0.810985
0.664444
0.00167608
0.691612
0.811101
0.664392
0.00166827
0.691547
0.811178
0.664284
0.00166027
0.691431
0.811216
0.664121
0.00165209
0.691262
0.811214
0.663902
0.00164376
0.69104
0.811172
0.663625
0.00163527
0.690764
0.811088
0.663292
0.00162663
0.690434
0.810963
0.6629
0.00161786
0.69005
0.810795
0.66245
0.00160896
0.68961
0.810584
0.661941
0.00159994
0.689115
0.81033
0.661373
0.0015908
0.688564
0.810031
0.660745
0.00158157
0.687956
0.809687
0.660058
0.00157224
0.687292
0.809298
0.65931
0.00156282
0.68657
0.808863
0.658501
0.00155332
0.685792
0.808381
0.657631
0.00154376
0.684955
0.807851
0.656701
0.00153414
0.684061
0.807274
0.655708
0.00152446
0.683108
0.806648
0.654655
0.00151473
0.682097
0.805973
0.653539
0.00150497
0.681027
0.805248
0.652362
0.00149518
0.679898
0.804473
0.651123
0.00148537
0.67871
0.803647
0.649822
0.00147555
0.677464
0.80277
0.64846
0.00146572
0.676158
0.80184
0.647035
0.00145589
0.674793
0.800858
0.645549
0.00144607
0.673369
0.799823
0.644001
0.00143626
0.671886
0.798734
0.642392
0.00142649
0.670344
0.797591
0.640721
0.00141674
0.668744
0.796394
0.63899
0.00140703
0.667084
0.795142
0.637198
0.00139736
0.665367
0.793834
0.635346
0.00138775
0.663591
0.79247
0.633434
0.00137819
0.661757
0.79105
0.631463
0.0013687
0.659865
0.789574
0.629432
0.00135929
0.657917
0.788041
0.627344
0.00134995
0.655912
0.78645
0.625198
0.0013407
0.65385
0.784802
0.622995
0.00133154
0.651733
0.783097
0.620736
0.00132248
0.64956
0.781333
