1250
0.02
4
0.2
0.2
0.2
0.2
0.211005
0.211005
0.211717
0.211717
0.22179
0.221788
0.223236
0.223238
0.23236
0.232352
0.234561
0.234568
0.242718
0.242702
0.245694
0.245709
0.252868
0.252842
0.256639
0.256663
0.262816
0.262776
0.267398
0.267434
0.272565
0.272508
0.277974
0.278024
0.282119
0.282043
0.288371
0.288437
0.291481
0.291383
0.29859
0.298675
0.300656
0.300534
0.308634
0.308741
0.309648
0.309498
0.318507
0.318637
0.31846
0.318279
0.32821
0.328366
0.327095
0.326882
0.337747
0.337931
0.335558
0.335309
0.347121
0.347335
0.343851
0.343563
0.356333
0.356579
0.351978
0.35165
0.365386
0.365667
0.359943
0.35957
0.374284
0.374601
0.367748
0.367329
0.383027
0.383383
0.375397
0.374929
0.39162
0.392016
0.382893
0.382373
0.400064
0.400502
0.390239
0.389664
0.408361
0.408844
0.397437
0.396806
0.416514
0.417043
0.404492
0.403801
0.424526
0.425103
0.411405
0.410653
0.432398
0.433025
0.41818
0.417364
0.440133
0.440811
0.424819
0.423936
0.447734
0.448465
0.431325
0.430374
0.455201
0.455987
0.437701
0.436678
0.462539
0.463381
0.443949
0.442853
0.469747
0.470648
0.450071
0.448901
0.47683
0.47779
0.456072
0.454823
0.483789
0.484809
0.461952
0.460623
0.490625
0.491708
0.467714
0.466304
0.497341
0.498488
0.47336
0.471867
0.50394
0.505151
0.478894
0.477315
0.510422
0.511699
0.484316
0.48265
0.51679
0.518134
0.48963
0.487874
0.523046
0.524459
0.494837
0.49299
0.529191
0.530674
0.49994
0.498
0.535228
0.536782
0.504941
0.502906
0.541158
0.542784
0.509841
0.50771
0.546983
0.548682
0.514643
0.512414
0.552706
0.554478
0.519349
0.51702
0.558326
0.560173
0.52396
0.52153
0.563848
0.56577
0.528479
0.525947
0.569271
0.57127
0.532907
0.530271
0.574598
0.576674
0.537246
0.534505
0.57983
0.581984
0.541499
0.53865
0.584969
0.587202
0.545665
0.542709
0.590017
0.59233
0.549749
0.546683
0.594974
0.597368
0.55375
0.550574
0.599844
0.602318
0.557671
0.554384
0.604626
0.607182
0.561513
0.558114
0.609323
0.611961
0.565278
0.561765
0.613936
0.616656
0.568968
0.56534
0.618467
0.62127
0.572583
0.56884
0.622917
0.625804
0.576126
0.572266
0.627287
0.630258
0.579597
0.575621
0.631579
0.634634
0.582999
0.578904
0.635794
0.638933
0.586332
0.582119
0.639933
0.643158
0.589599
0.585266
0.643998
0.647308
0.5928
0.588346
0.64799
0.651386
0.595936
0.591362
0.65191
0.655392
0.59901
0.594314
0.65576
0.659328
0.602021
0.597203
0.659541
0.663195
0.604972
0.600032
0.663253
0.666994
0.607864
0.6028
0.666899
0.670727
0.610698
0.60551
0.670479
0.674394
0.613474
0.608163
0.673995
0.677996
0.616195
0.610759
0.677447
0.681535
0.618861
0.6133
0.680837
0.685012
0.621473
0.615787
0.684165
0.688428
0.624033
0.618222
0.687434
0.691783
0.626541
0.620604
0.690643
0.69508
0.628999
0.622936
0.693794
0.698319
0.631407
0.625218
0.696888
0.7015
0.633767
0.627452
0.699927
0.704625
0.636079
0.629638
0.70291
0.707696
0.638345
0.631777
0.705839
0.710712
0.640565
0.633871
0.708715
0.713675
0.64274
0.63592
0.711539
0.716585
0.644871
0.637925
0.714311
0.719445
0.64696
0.639887
0.717034
0.722253
0.649006
0.641807
0.719706
0.725012
0.651012
0.643686
0.722331
0.727723
0.652976
0.645524
0.724907
0.730385
0.654901
0.647323
0.727437
0.733001
0.656788
0.649084
0.72992
0.73557
0.658636
0.650806
0.732359
0.738093
0.660447
0.652492
0.734753
0.740572
0.662221
0.654141
0.737103
0.743007
0.66396
0.655754
0.73941
0.745399
0.665663
0.657333
0.741676
0.747749
0.667333
0.658878
0.7439
0.750057
0.668968
0.660389
0.746083
0.752324
0.67057
0.661867
0.748226
0.754551
0.67214
0.663314
0.750331
0.756738
0.673679
0.664729
0.752397
0.758887
0.675186
0.666114
0.754425
0.760997
0.676663
0.667468
0.756416
0.76307
0.67811
0.668793
0.75837
0.765106
0.679528
0.67009
0.760289
0.767106
0.680917
0.671358
0.762173
0.769071
0.682278
0.672598
0.764022
0.771001
0.683611
0.673812
0.765837
0.772896
0.684918
0.674999
0.767619
0.774757
0.686198
0.67616
0.769368
0.776586
0.687452
0.677296
0.771085
0.778382
0.68868
0.678406
0.772771
0.780146
0.689884
0.679493
0.774425
0.781879
0.691064
0.680556
0.776049
0.78358
0.69222
0.681595
0.777644
0.785252
0.693352
0.682612
0.779209
0.786894
0.694461
0.683606
0.780745
0.788506
0.695548
0.684578
0.782253
0.79009
0.696613
0.68553
0.783733
0.791646
0.697656
0.68646
0.785186
0.793173
0.698678
0.687369
0.786612
0.794674
0.699679
0.688259
0.788012
0.796148
0.700661
0.689129
0.789386
0.797596
0.701622
0.689979
0.790735
0.799017
0.702563
0.690811
0.792058
0.800414
0.703486
0.691624
0.793358
0.801785
0.70439
0.69242
0.794633
0.803132
0.705275
0.693198
0.795885
0.804455
0.706143
0.693958
0.797114
0.805755
0.706993
0.694701
0.79832
0.807031
0.707825
0.695428
0.799503
0.808284
0.708641
0.696139
0.800665
0.809515
0.70944
0.696834
0.801805
0.810724
0.710223
0.697514
0.802924
0.811912
0.71099
0.698178
0.804023
0.813078
0.711741
0.698827
0.805101
0.814224
0.712478
0.699462
0.806159
0.815348
0.713199
0.700083
0.807198
0.816453
0.713905
0.700689
0.808217
0.817538
0.714597
0.701283
0.809217
0.818604
0.715275
0.701862
0.810199
0.81965
0.715939
0.702429
0.811162
0.820678
0.71659
0.702983
0.812108
0.821688
0.717227
0.703524
0.813036
0.822679
0.717852
0.704054
0.813947
0.823653
0.718464
0.704571
0.814841
0.824609
0.719063
0.705077
0.815718
0.825548
0.71965
0.705571
0.816579
0.82647
0.720225
0.706054
0.817424
0.827376
0.720788
0.706526
0.818253
0.828265
0.72134
0.706987
0.819067
0.829139
0.721881
0.707437
0.819866
0.829997
0.72241
0.707878
0.820649
0.830839
0.722929
0.708308
0.821418
0.831667
0.723437
0.708729
0.822173
0.832479
0.723935
0.70914
0.822914
0.833277
0.724422
0.709541
0.823641
0.834061
0.7249
0.709934
0.824354
0.834831
0.725368
0.710317
0.825054
0.835587
0.725826
0.710692
0.825741
0.836329
0.726275
0.711058
0.826415
0.837058
0.726715
0.711415
0.827077
0.837774
0.727145
0.711764
0.827726
0.838477
0.727567
0.712106
0.828363
0.839167
0.72798
0.712439
0.828988
0.839845
0.728385
0.712765
0.829601
0.840511
0.728782
0.713083
0.830203
0.841165
0.72917
0.713393
0.830794
0.841807
0.729551
0.713697
0.831373
0.842438
0.729923
0.713993
0.831942
0.843057
0.730288
0.714283
0.8325
0.843665
0.730646
0.714565
0.833048
0.844262
0.730996
0.714842
0.833585
0.844849
0.731339
0.715111
0.834112
0.845425
0.731675
0.715375
0.834629
0.84599
0.732004
0.715632
0.835137
0.846546
0.732326
0.715883
0.835635
0.847091
0.732642
0.716128
0.836124
0.847627
0.732951
0.716368
0.836603
0.848153
0.733253
0.716602
0.837074
0.848669
0.73355
0.71683
0.837535
0.849177
0.73384
0.717053
0.837988
0.849675
0.734125
0.71727
0.838433
0.850164
0.734404
0.717483
0.838869
0.850644
0.734676
0.71769
0.839297
0.851116
0.734944
0.717893
0.839717
0.851579
0.735205
0.71809
0.840129
0.852034
0.735462
0.718283
0.840533
0.85248
0.735713
0.718472
0.840929
0.852919
0.735959
0.718656
0.841318
0.85335
0.736199
0.718835
0.8417
0.853773
0.736435
0.71901
0.842075
0.854188
0.736666
0.719181
0.842442
0.854596
0.736893
0.719348
0.842803
0.854996
0.737114
0.71951
0.843156
0.85539
0.737331
0.719669
0.843503
0.855776
0.737543
0.719824
0.843844
0.856155
0.737751
0.719975
0.844178
0.856527
0.737955
0.720123
0.844506
0.856893
0.738155
0.720267
0.844827
0.857252
0.73835
0.720407
0.845142
0.857605
0.738541
0.720544
0.845452
0.857951
0.738729
0.720678
0.845756
0.858291
0.738912
0.720808
0.846053
0.858625
0.739092
0.720935
0.846346
0.858953
0.739268
0.721059
0.846632
0.859275
0.73944
0.72118
0.846913
0.859591
0.739609
0.721298
0.847189
0.859901
0.739774
0.721413
0.84746
0.860206
0.739936
0.721526
0.847726
0.860505
0.740095
0.721635
0.847986
0.860799
0.74025
0.721742
0.848242
0.861087
0.740402
0.721846
0.848492
0.861371
0.74055
0.721947
0.848738
0.861649
0.740696
0.722046
0.848979
0.861922
0.740839
0.722142
0.849216
0.86219
0.740978
0.722236
0.849448
0.862454
0.741115
0.722328
0.849676
0.862713
0.741249
0.722417
0.849899
0.862966
0.74138
0.722504
0.850118
0.863216
0.741508
0.722589
0.850333
0.863461
0.741634
0.722672
0.850544
0.863701
0.741757
0.722752
0.850751
0.863937
0.741878
0.722831
0.850954
0.864169
0.741996
0.722907
0.851153
0.864397
0.742111
0.722982
0.851348
0.86462
0.742224
0.723054
0.85154
0.86484
0.742335
0.723125
0.851728
0.865055
0.742443
0.723194
0.851912
0.865267
0.742549
0.723261
0.852093
0.865475
0.742653
0.723326
0.85227
0.865679
0.742755
0.72339
0.852444
0.865879
0.742855
0.723452
0.852614
0.866076
0.742952
0.723512
0.852782
0.866269
0.743048
0.723571
0.852946
0.866458
0.743141
0.723628
0.853107
0.866645
0.743232
0.723684
0.853265
0.866827
0.743322
0.723738
0.853419
0.867007
0.74341
0.723791
0.853571
0.867183
0.743496
0.723842
0.85372
0.867356
0.74358
0.723892
0.853866
0.867526
0.743662
0.723941
0.85401
0.867693
0.743742
0.723988
0.85415
0.867857
0.743821
0.724034
0.854288
0.868017
0.743898
0.724079
0.854423
0.868175
0.743974
0.724122
0.854556
0.86833
0.744048
0.724165
0.854686
0.868483
0.74412
0.724206
0.854814
0.868632
0.744191
0.724246
0.854939
0.868779
0.74426
0.724285
0.855062
0.868923
0.744328
0.724323
0.855182
0.869064
0.744395
0.72436
0.8553
0.869203
0.74446
0.724396
0.855416
0.86934
0.744523
0.724431
0.855529
0.869474
0.744586
0.724465
0.855641
0.869605
0.744646
0.724498
0.85575
0.869734
0.744706
0.72453
0.855857
0.869861
0.744765
0.724561
0.855962
0.869986
0.744822
0.724591
0.856065
0.870108
0.744878
0.72462
0.856166
0.870228
0.744932
0.724649
0.856265
0.870345
0.744986
0.724676
0.856362
0.870461
0.745039
0.724703
0.856457
0.870575
0.74509
0.724729
0.856551
0.870686
0.74514
0.724755
0.856642
0.870796
0.745189
0.724779
0.856732
0.870903
0.745237
0.724803
0.85682
0.871009
0.745284
0.724826
0.856907
0.871112
0.745331
0.724849
0.856992
0.871214
0.745376
0.724871
0.857075
0.871314
0.74542
0.724892
0.857156
0.871412
0.745463
0.724912
0.857236
0.871508
0.745505
0.724932
0.857315
0.871602
0.745547
0.724952
0.857391
0.871695
0.745587
0.72497
0.857467
0.871786
0.745627
0.724988
0.857541
0.871876
0.745665
0.725006
0.857613
0.871964
0.745703
0.725023
0.857684
0.87205
0.74574
0.725039
0.857754
0.872134
0.745777
0.725055
0.857822
0.872218
0.745812
0.725071
0.857889
0.872299
0.745847
0.725086
0.857955
0.872379
0.745881
0.7251
0.858019
0.872458
0.745914
0.725114
0.858082
0.872535
0.745947
0.725128
0.858144
0.872611
0.745979
0.725141
0.858205
0.872685
0.74601
0.725154
0.858265
0.872758
0.74604
0.725166
0.858323
0.87283
0.74607
0.725178
0.85838
0.872901
0.746099
0.725189
0.858436
0.87297
0.746128
0.7252
0.858491
0.873038
0.746156
0.725211
0.858545
0.873104
0.746183
0.725221
0.858598
0.87317
0.74621
0.725231
0.85865
0.873234
0.746236
0.725241
0.858701
0.873297
0.746262
0.72525
0.858751
0.873359
0.746287
0.725259
0.8588
0.87342
0.746311
0.725268
0.858848
0.873479
0.746335
0.725276
0.858895
0.873538
0.746359
0.725284
0.858941
0.873595
0.746382
0.725292
0.858986
0.873652
0.746404
0.725299
0.85903
0.873707
0.746426
0.725306
0.859073
0.873762
0.746447
0.725313
0.859116
0.873815
0.746468
0.72532
0.859158
0.873868
0.746489
0.725326
0.859199
0.873919
0.746509
0.725332
0.859239
0.87397
0.746529
0.725338
0.859278
0.874019
0.746548
0.725344
0.859317
0.874068
0.746566
0.725349
0.859354
0.874116
0.746585
0.725354
0.859392
0.874163
0.746603
0.725359
0.859428
0.874209
0.74662
0.725364
0.859463
0.874254
0.746637
0.725369
0.859498
0.874298
0.746654
0.725373
0.859533
0.874342
0.746671
0.725377
0.859566
0.874385
0.746687
0.725381
0.859599
0.874427
0.746702
0.725385
0.859631
0.874468
0.746718
0.725388
0.859663
0.874509
0.746733
0.725392
0.859694
0.874548
0.746747
0.725395
0.859724
0.874587
0.746762
0.725398
0.859754
0.874626
0.746776
0.725401
0.859783
0.874663
0.74679
0.725404
0.859812
0.8747
0.746803
0.725406
0.85984
0.874736
0.746816
0.725409
0.859867
0.874772
0.746829
0.725411
0.859894
0.874807
0.746841
0.725414
0.859921
0.874841
0.746854
0.725416
0.859946
0.874875
0.746866
0.725418
0.859972
0.874908
0.746877
0.725419
0.859997
0.87494
0.746889
0.725421
0.860021
0.874972
0.7469
0.725423
0.860045
0.875003
0.746911
0.725424
0.860068
0.875034
0.746922
0.725426
0.860091
0.875064
0.746932
0.725427
0.860114
0.875094
0.746942
0.725428
0.860136
0.875123
0.746952
0.725429
0.860157
0.875151
0.746962
0.72543
0.860179
0.875179
0.746972
0.725431
0.860199
0.875207
0.746981
0.725432
0.86022
0.875234
0.74699
0.725433
0.86024
0.87526
0.746999
0.725433
0.860259
0.875286
0.747008
0.725434
0.860278
0.875312
0.747016
0.725434
0.860297
0.875337
0.747024
0.725435
0.860316
0.875361
0.747032
0.725435
0.860334
0.875385
0.74704
0.725435
0.860351
0.875409
0.747048
0.725435
0.860368
0.875432
0.747056
0.725435
0.860385
0.875455
0.747063
0.725435
0.860402
0.875478
0.74707
0.725435
0.860418
0.8755
0.747077
0.725435
0.860434
0.875521
0.747084
0.725435
0.86045
0.875542
0.747091
0.725435
0.860465
0.875563
0.747098
0.725435
0.86048
0.875583
0.747104
0.725435
0.860495
0.875603
0.74711
0.725434
0.86051
0.875623
0.747117
0.725434
0.860524
0.875642
0.747123
0.725434
0.860538
0.875661
0.747128
0.725433
0.860551
0.87568
0.747134
0.725433
0.860564
0.875698
0.74714
0.725432
0.860577
0.875716
0.747145
0.725431
0.86059
0.875734
0.747151
0.725431
0.860603
0.875751
0.747156
0.72543
0.860615
0.875768
0.747161
0.72543
0.860627
0.875785
0.747166
0.725429
0.860639
0.875801
0.747171
0.725428
0.86065
0.875817
0.747175
0.725427
0.860662
0.875833
0.74718
0.725426
0.860673
0.875848
0.747185
0.725426
0.860684
0.875863
0.747189
0.725425
0.860694
0.875878
0.747193
0.725424
0.860705
0.875893
0.747197
0.725423
0.860715
0.875907
0.747202
0.725422
0.860725
0.875921
0.747206
0.725421
0.860735
0.875935
0.747209
0.72542
0.860744
0.875949
0.747213
0.725419
0.860754
0.875962
0.747217
0.725418
0.860763
0.875975
0.747221
0.725417
0.860772
0.875988
0.747224
0.725416
0.860781
0.876
0.747228
0.725415
0.86079
0.876013
0.747231
0.725414
0.860798
0.876025
0.747234
0.725413
0.860807
0.876037
0.747238
0.725412
0.860815
0.876048
0.747241
0.725411
0.860823
0.87606
0.747244
0.72541
0.860831
0.876071
0.747247
0.725408
0.860838
0.876082
0.74725
0.725407
0.860846
0.876093
0.747253
0.725406
0.860853
0.876104
0.747255
0.725405
0.86086
0.876114
0.747258
0.725404
0.860867
0.876124
0.747261
0.725403
0.860874
0.876134
0.747263
0.725401
0.860881
0.876144
0.747266
0.7254
0.860888
0.876154
0.747268
0.725399
0.860894
0.876163
0.747271
0.725398
0.860901
0.876173
0.747273
0.725397
0.860907
0.876182
0.747275
0.725396
0.860913
0.876191
0.747277
0.725394
0.860919
0.8762
0.74728
0.725393
0.860925
0.876208
0.747282
0.725392
0.860931
0.876217
0.747284
0.725391
0.860936
0.876225
0.747286
0.72539
0.860942
0.876233
0.747288
0.725388
0.860947
0.876241
0.74729
0.725387
0.860952
0.876249
0.747292
0.725386
0.860958
0.876257
0.747293
0.725385
0.860963
0.876265
0.747295
0.725384
0.860968
0.876272
0.747297
0.725382
0.860972
0.876279
0.747299
0.725381
0.860977
0.876286
0.7473
0.72538
0.860982
0.876293
0.747302
0.725379
0.860986
0.8763
0.747303
0.725378
0.860991
0.876307
0.747305
0.725376
0.860995
0.876314
0.747306
0.725375
0.861
0.87632
0.747308
0.725374
0.861004
0.876327
0.747309
0.725373
0.861008
0.876333
0.747311
0.725372
0.861012
0.876339
0.747312
0.72537
0.861016
0.876345
0.747313
0.725369
0.86102
0.876351
0.747315
0.725368
0.861024
0.876357
0.747316
0.725367
0.861027
0.876363
0.747317
0.725366
0.861031
0.876369
0.747318
0.725365
0.861035
0.876374
0.747319
0.725364
0.861038
0.87638
0.74732
0.725362
0.861041
0.876385
0.747322
0.725361
0.861045
0.87639
0.747323
0.72536
0.861048
0.876395
0.747324
0.725359
0.861051
0.8764
0.747325
0.725358
0.861054
0.876405
0.747326
0.725357
0.861057
0.87641
0.747327
0.725356
0.86106
0.876415
0.747327
0.725355
0.861063
0.876419
0.747328
0.725354
0.861066
0.876424
0.747329
0.725353
0.861069
0.876428
0.74733
0.725351
0.861072
0.876433
0.747331
0.72535
0.861074
0.876437
0.747332
0.725349
0.861077
0.876441
0.747332
0.725348
0.86108
0.876446
0.747333
0.725347
0.861082
0.87645
0.747334
0.725346
0.861085
0.876454
0.747335
0.725345
0.861087
0.876458
0.747335
0.725344
0.86109
0.876462
0.747336
0.725343
0.861092
0.876465
0.747337
0.725342
0.861094
0.876469
0.747337
0.725341
0.861096
0.876473
0.747338
0.72534
0.861099
0.876476
0.747338
0.725339
0.861101
0.87648
0.747339
0.725338
0.861103
0.876483
0.74734
0.725337
0.861105
0.876487
0.74734
0.725336
0.861107
0.87649
0.747341
0.725335
0.861109
0.876493
0.747341
0.725334
0.861111
0.876496
0.747342
0.725333
0.861113
0.8765
0.747342
0.725333
0.861115
0.876503
0.747343
0.725332
0.861116
0.876506
0.747343
0.725331
0.861118
0.876509
0.747344
0.72533
0.86112
0.876512
0.747344
0.725329
0.861121
0.876514
0.747344
0.725328
0.861123
0.876517
0.747345
0.725327
0.861125
0.87652
0.747345
0.725326
0.861126
0.876523
0.747346
0.725325
0.861128
0.876525
0.747346
0.725325
0.861129
0.876528
0.747346
0.725324
0.861131
0.87653
0.747347
0.725323
0.861132
0.876533
0.747347
0.725322
0.861134
0.876535
0.747347
0.725321
0.861135
0.876538
0.747348
0.72532
0.861136
0.87654
0.747348
0.72532
0.861138
0.876543
0.747348
0.725319
0.861139
0.876545
0.747348
0.725318
0.86114
0.876547
0.747349
0.725317
0.861142
0.876549
0.747349
0.725317
0.861143
0.876551
0.747349
0.725316
0.861144
0.876553
0.74735
0.725315
0.861145
0.876556
0.74735
0.725314
0.861146
0.876558
0.74735
0.725314
0.861148
0.876559
0.74735
0.725313
0.861149
0.876561
0.74735
0.725312
0.86115
0.876563
0.747351
0.725311
0.861151
0.876565
0.747351
0.725311
0.861152
0.876567
0.747351
0.72531
0.861153
0.876569
0.747351
0.725309
0.861154
0.876571
0.747351
0.725309
0.861155
0.876572
0.747352
0.725308
0.861156
0.876574
0.747352
0.725307
0.861157
0.876576
0.747352
0.725307
0.861157
0.876577
0.747352
0.725306
0.861158
0.876579
0.747352
0.725305
0.861159
0.876581
0.747352
0.725305
0.86116
0.876582
0.747353
0.725304
0.861161
0.876584
0.747353
0.725303
0.861162
0.876585
0.747353
0.725303
0.861162
0.876587
0.747353
0.725302
0.861163
0.876588
0.747353
0.725302
0.861164
0.87659
0.747353
0.725301
0.861165
0.876591
0.747353
0.7253
0.861165
0.876592
0.747353
0.7253
0.861166
0.876594
0.747353
0.725299
0.861167
0.876595
0.747354
0.725299
0.861168
0.876596
0.747354
0.725298
0.861168
0.876598
0.747354
0.725298
0.861169
0.876599
0.747354
0.725297
0.86117
0.8766
0.747354
0.725296
0.86117
0.876601
0.747354
0.725296
0.861171
0.876602
0.747354
0.725295
0.861171
0.876604
0.747354
0.725295
0.861172
0.876605
0.747354
0.725294
0.861172
0.876606
0.747354
0.725294
0.861173
0.876607
0.747354
0.725293
0.861174
0.876608
0.747354
0.725293
0.861174
0.876609
0.747354
0.725292
0.861175
0.87661
0.747354
0.725292
0.861175
0.876611
0.747354
0.725291
0.861176
0.876612
0.747355
0.725291
0.861176
0.876613
0.747355
0.72529
0.861177
0.876614
0.747355
0.72529
0.861177
0.876615
0.747355
0.725289
0.861178
0.876616
0.747355
0.725289
0.861178
0.876617
0.747355
0.725289
0.861178
0.876617
0.747355
0.725288
0.861179
0.876618
0.747355
0.725288
0.861179
0.876619
0.747355
0.725287
0.86118
0.87662
0.747355
0.725287
0.86118
0.876621
0.747355
0.725286
0.86118
0.876622
0.747355
0.725286
0.861181
0.876622
0.747355
0.725286
0.861181
0.876623
0.747355
0.725285
0.861181
0.876624
0.747355
0.725285
0.861182
0.876625
0.747355
0.725284
0.861182
0.876625
0.747355
0.725284
0.861183
0.876626
0.747355
0.725284
0.861183
0.876627
0.747355
0.725283
0.861183
0.876627
0.747355
0.725283
0.861183
0.876628
0.747355
0.725282
0.861184
0.876629
0.747355
0.725282
0.861184
0.876629
0.747355
0.725282
0.861184
0.87663
0.747355
0.725281
0.861185
0.876631
0.747355
0.725281
0.861185
0.876631
0.747355
0.725281
0.861185
0.876632
0.747355
0.72528
0.861185
0.876632
0.747355
0.72528
0.861186
0.876633
0.747355
0.72528
0.861186
0.876634
0.747355
0.725279
0.861186
0.876634
0.747355
0.725279
0.861186
0.876635
0.747355
0.725279
0.861187
0.876635
0.747355
0.725278
0.861187
0.876636
0.747355
0.725278
0.861187
0.876636
0.747355
0.725278
0.861187
0.876637
0.747355
0.725278
0.861188
0.876637
0.747355
0.725277
0.861188
0.876638
0.747355
0.725277
0.861188
0.876638
0.747355
0.725277
0.861188
0.876639
0.747355
0.725276
0.861188
0.876639
0.747355
0.725276
0.861189
0.87664
0.747355
0.725276
0.861189
0.87664
0.747355
0.725275
0.861189
0.87664
0.747355
0.725275
0.861189
0.876641
0.747355
0.725275
0.861189
0.876641
0.747355
0.725275
0.861189
0.876642
0.747355
0.725274
0.86119
0.876642
0.747355
0.725274
0.86119
0.876643
0.747355
0.725274
0.86119
0.876643
0.747355
0.725274
0.86119
0.876643
0.747355
0.725273
0.86119
0.876644
0.747355
0.725273
0.86119
0.876644
0.747355
0.725273
0.861191
0.876644
0.747355
0.725273
0.861191
0.876645
0.747355
0.725273
0.861191
0.876645
0.747355
0.725272
0.861191
0.876645
0.747355
0.725272
0.861191
0.876646
0.747355
0.725272
0.861191
0.876646
0.747355
0.725272
0.861191
0.876646
0.747355
0.725271
0.861191
0.876647
0.747355
0.725271
0.861192
0.876647
0.747355
0.725271
0.861192
0.876647
0.747355
0.725271
0.861192
0.876647
0.747354
0.725271
0.861192
0.876648
0.747354
0.72527
0.861192
0.876648
0.747354
0.72527
0.861192
0.876648
0.747354
0.72527
0.861192
0.876649
0.747354
0.72527
0.861192
0.876649
0.747354
0.72527
0.861193
0.876649
0.747354
0.725269
0.861193
0.876649
0.747354
0.725269
0.861193
0.87665
0.747354
0.725269
0.861193
0.87665
0.747354
0.725269
0.861193
0.87665
0.747354
0.725269
0.861193
0.87665
0.747354
0.725269
0.861193
0.876651
0.747354
0.725268
0.861193
0.876651
0.747354
0.725268
0.861193
0.876651
0.747354
0.725268
0.861193
0.876651
0.747354
0.725268
0.861193
0.876652
0.747354
0.725268
0.861193
0.876652
0.747354
0.725267
0.861193
0.876652
0.747354
0.725267
0.861193
0.876652
0.747354
0.725267
0.861193
0.876652
0.747354
0.725267
0.861194
0.876652
0.747354
0.725267
0.861194
0.876653
0.747354
0.725267
0.861194
0.876653
0.747354
0.725266
0.861194
0.876653
0.747354
0.725266
0.861194
0.876653
0.747354
0.725266
0.861194
0.876653
0.747354
0.725266
0.861194
0.876654
0.747354
0.725266
0.861194
0.876654
0.747354
0.725266
0.861194
0.876654
0.747354
0.725266
0.861194
0.876654
0.747354
0.725266
0.861194
0.876654
0.747354
0.725266
0.861194
0.876654
0.747354
0.725265
0.861194
0.876655
0.747354
0.725265
0.861194
0.876655
0.747354
0.725265
0.861194
0.876655
0.747353
0.725265
0.861194
0.876655
0.747353
0.725265
0.861194
0.876655
0.747353
0.725265
0.861195
0.876655
0.747353
0.725265
0.861195
0.876655
0.747353
0.725265
0.861195
0.876656
0.747353
0.725264
0.861195
0.876656
0.747353
0.725264
0.861195
0.876656
0.747353
0.725264
0.861195
0.876656
0.747353
0.725264
0.861195
0.876656
0.747353
0.725264
0.861195
0.876656
0.747353
0.725264
0.861195
0.876656
0.747353
0.725264
0.861195
0.876656
0.747353
0.725264
0.861195
0.876656
0.747353
0.725263
0.861195
0.876657
0.747353
0.725263
0.861195
0.876657
0.747353
0.725263
0.861195
0.876657
0.747353
0.725263
0.861195
0.876657
0.747353
0.725263
0.861195
0.876657
0.747353
0.725263
0.861195
0.876657
0.747353
0.725263
0.861195
0.876657
0.747353
0.725263
0.861195
0.876657
0.747353
0.725263
0.861195
0.876658
0.747353
0.725262
0.861195
0.876658
0.747353
0.725262
0.861195
0.876658
0.747353
0.725262
0.861195
0.876658
0.747353
0.725262
0.861195
0.876658
0.747353
0.725262
0.861195
0.876658
0.747353
0.725262
0.861195
0.876658
0.747353
0.725262
0.861195
0.876658
0.747353
0.725262
0.861195
0.876658
0.747353
0.725262
0.861195
0.876658
0.747353
0.725262
0.861195
0.876658
0.747353
0.725262
0.861195
0.876658
0.747353
0.725262
0.861195
0.876658
0.747353
0.725262
0.861195
0.876658
0.747353
0.725262
0.861195
0.876658
0.747353
0.725262
0.861195
0.876659
0.747353
0.725262
0.861195
0.876659
0.747353
0.725262
0.861195
0.876659
0.747353
0.725261
0.861195
0.876659
0.747353
0.725261
0.861195
0.876659
0.747353
0.725261
0.861195
0.876659
0.747353
0.725261
0.861195
0.876659
0.747353
0.725261
0.861195
0.876659
0.747353
0.725261
0.861195
0.876659
0.747353
0.725261
0.861195
0.876659
0.747353
0.725261
0.861195
0.876659
0.747353
0.725261
0.861195
0.876659
0.747353
0.725261
0.861195
0.876659
0.747353
0.725261
0.861195
0.876659
0.747353
0.725261
0.861195
0.876659
0.747353
0.725261
0.861195
0.876659
0.747353
0.725261
0.861195
0.87666
0.747353
0.725261
0.861195
0.87666
0.747353
0.725261
0.861195
0.87666
0.747353
0.72526
0.861195
0.87666
0.747353
0.72526
0.861195
0.87666
0.747353
0.72526
0.861195
0.87666
0.747353
0.72526
0.861195
0.87666
0.747353
0.72526
0.861195
0.87666
0.747353
0.72526
0.861195
0.87666
0.747353
0.72526
0.861195
0.87666
0.747353
0.72526
0.861195
0.87666
0.747353
0.72526
0.861195
0.87666
0.747353
0.72526
0.861195
0.87666
0.747353
0.72526
0.861195
0.87666
0.747353
0.72526
0.861195
0.87666
0.747353
0.72526
0.861195
0.87666
0.747353
0.72526
0.861195
0.87666
0.747353
0.72526
0.861195
0.876661
0.747353
0.72526
0.861195
0.876661
0.747353
0.72526
0.861195
0.876661
0.747353
0.725259
0.861195
0.876661
0.747353
0.725259
0.861195
0.876661
0.747353
0.725259
0.861195
0.876661
0.747353
0.725259
0.861195
0.876661
0.747353
0.725259
0.861195
0.876661
0.747353
0.725259
0.861195
0.876661
0.747353
0.725259
0.861195
0.876661
0.747353
0.725259
0.861195
0.876661
0.747353
0.725259
0.861195
0.876661
0.747353
0.725259
0.861195
0.876661
0.747353
0.725259
0.861195
0.876661
0.747353
0.725259
0.861195
0.876661
0.747353
0.725259
0.861195
0.876661
0.747353
0.725259
0.861195
0.876661
0.747353
0.725259
0.861195
0.876661
0.747353
0.725259
0.861195
0.876661
0.747353
0.725259
0.861195
0.876661
0.747353
0.725259
0.861195
0.876661
0.747353
0.725259
0.861195
0.876661
0.747353
0.725259
0.861195
0.876661
0.747353
0.725259
0.861195
0.876661
0.747353
0.725259
0.861195
0.876661
0.747353
0.725259
0.861195
0.876661
0.747353
0.725259
0.861195
0.876661
0.747353
0.725259
0.861195
0.876661
0.747353
0.725259
0.861195
0.876661
0.747353
0.725259
0.861195
0.876661
0.747353
0.725259
0.861195
0.876661
0.747353
0.725259
0.861195
0.876661
0.747353
0.725259
0.861195
0.876661
0.747353
0.725259
0.861195
0.876661
0.747353
0.725259
0.861195
0.876661
0.747353
0.725259
0.861195
0.876661
0.747353
0.725259
0.861195
0.876661
0.747353
0.725259
0.861195
0.876661
0.747353
0.725259
0.861195
0.876661
0.747353
0.725259
0.861195
0.876661
0.747353
0.725259
0.861195
0.876661
0.747353
0.725259
0.861195
0.876661
0.747353
0.725259
0.861195
0.876661
0.747353
0.725259
0.861195
0.876661
0.747353
0.725259
0.861195
0.876661
0.747353
0.725259
0.861195
0.876661
0.747353
0.725259
0.861195
0.876661
0.747353
0.725259
0.861195
0.876661
0.747353
0.725259
0.861195
0.876661
0.747353
0.725259
0.861195
0.876661
0.747353
0.725259
0.861195
0.876661
0.747353
0.725259
0.861195
0.876661
0.747353
0.725259
0.861195
0.876661
0.747353
0.725259
0.861195
0.876661
0.747353
0.725259
0.861195
0.876661
0.747353
0.725259
0.861195
0.876661
0.747353
0.725259
0.861195
0.876661
0.747353
0.725259
0.861195
0.876661
0.747353
0.725259
0.861195
0.876661
0.747353
0.725259
0.861195
0.876661
0.747353
0.725259
0.861195
0.876661
0.747353
0.725259
0.861195
0.876661
0.747353
0.725259
0.861195
0.876661
0.747353
0.725259
0.861195
0.876661
0.747353
0.725259
0.861195
0.876661
0.747353
0.725259
0.861195
0.876661
0.747353
0.725259
0.861195
0.876661
0.747353
0.725259
0.861195
0.876661
0.747353
0.725259
0.861195
0.876661
0.747353
0.725259
0.861195
0.876661
0.747353
0.725259
0.861195
0.876661
0.747353
0.725259
0.861195
0.876661
0.747353
0.725259
0.861195
0.876661
0.747353
0.725259
0.861195
0.876661
0.747353
0.725259
0.861195
0.876661
0.747353
0.725259
0.861195
0.876661
0.747353
0.725259
0.861195
0.876661
0.747353
0.725259
0.861195
0.876661
0.747353
0.725259
0.861195
0.876661
0.747353
0.725259
0.861195
0.876661
0.747353
0.725259
0.861195
0.876661
0.747353
0.725259
0.861195
0.876661
0.747353
0.725259
0.861195
0.876661
0.747353
0.725259
0.861195
0.876661
0.747353
0.725259
0.861195
0.876661
0.747353
0.725259
0.861195
0.876661
0.747353
0.725259
0.861195
0.876661
0.747353
0.725259
0.861195
0.876661
0.747353
0.725259
0.861195
0.876661
0.747353
0.725259
0.861195
0.876661
0.747353
0.725259
0.861195
0.876661
0.747353
0.725259
0.861195
0.876661
0.747353
0.725259
0.861195
0.876661
0.747353
0.725259
0.861195
0.876661
0.747353
0.725259
0.861195
0.876661
0.747353
0.725259
0.861195
0.876661
0.747353
0.725259
0.861195
0.876661
0.747353
0.725259
0.861195
0.876661
0.747353
0.725259
0.861195
0.876661
0.747353
0.725259
0.861195
0.876661
0.747353
0.725259
0.861195
0.876661
0.747353
0.725259
0.861195
0.876661
0.747353
0.725259
0.861195
0.876661
0.747353
0.725259
0.861195
0.876661
0.747353
0.725259
0.861195
0.876661
0.747353
0.725259
0.861195
0.876661
0.747353
0.725259
0.861195
0.876661
0.747353
0.725259
0.861195
0.876661
0.747353
0.725259
0.861195
0.876661
0.747353
0.725259
0.861195
0.876661
0.747353
0.725259
0.861195
0.876661
0.747353
0.725259
0.861195
0.876661
0.747353
0.725259
0.861195
0.876661
0.747353
0.725259
0.861195
0.876661
0.747353
0.725259
0.861195
0.876661
0.747353
0.725259
0.861195
0.876661
0.747353
0.725259
0.861195
0.876661
0.747353
0.725259
0.861195
0.876661
0.747353
0.725259
0.861195
0.876661
0.747353
0.725259
0.861195
0.876661
0.747353
0.725259
0.861195
0.876661
0.747353
0.725259
0.861195
0.876661
0.747353
0.725259
0.861195
0.876661
0.747353
0.725259
0.861195
0.876661
0.747353
0.725259
0.861195
0.876661
0.747353
0.725259
0.861195
0.876661
0.747353
0.725259
0.861195
0.876661
0.747353
0.725259
0.861195
0.876661
0.747353
0.725259
0.861195
0.876661
0.747353
0.725259
0.861195
0.876661
0.747353
0.725259
0.861195
0.876661
0.747353
0.725259
0.861195
0.876661
0.747353
0.725259
0.861195
0.876661
0.747353
0.725259
0.861195
0.876661
0.747353
0.725259
0.861195
0.876661
0.747353
0.725259
0.861195
0.876661
0.747353
0.725259
0.861195
0.876661
0.747353
0.725259
0.861195
0.876661
0.747353
0.725259
0.861195
0.876661
0.747353
0.725259
0.861195
0.876661
0.747353
0.725259
0.861195
0.876661
0.747353
0.725259
0.861195
0.876661
0.747353
0.725259
0.861195
0.876661
0.747353
0.725259
0.861195
0.876661
0.747353
0.725259
0.861195
0.876661
0.747353
0.725259
0.861195
0.876661
0.747353
0.725259
0.861195
0.876661
0.747353
0.725259
0.861195
0.876661
0.747353
0.725259
0.861195
0.876661
0.747353
0.725259
0.861195
0.876661
0.747353
0.725259
0.861195
0.876661
0.747353
0.725259
0.861195
0.876661
0.747353
0.725259
0.861195
0.876661
0.747353
0.725259
0.861195
0.876661
0.747353
0.725259
0.861195
0.876661
0.747353
0.725259
0.861195
0.876661
0.747353
0.725259
0.861195
0.876661
0.747353
0.725259
0.861195
0.876661
0.747353
0.725259
0.861195
0.876661
0.747353
0.725259
0.861195
0.876661
0.747353
0.725259
0.861195
0.876661
0.747353
0.725259
0.861195
0.876661
0.747353
0.725259
0.861195
0.876661
0.747353
0.725259
0.861195
0.876661
0.747353
0.725259
0.861195
0.876661
0.747353
0.725259
0.861195
0.876661
0.747353
0.725259
0.861195
0.876661
0.747353
0.725259
0.861195
0.876661
0.747353
0.725259
0.861195
0.876661
0.747353
0.725259
0.861195
0.876661
0.747353
0.725259
0.861195
0.876661
0.747353
0.725259
0.861195
0.876661
0.747353
0.725259
0.861195
0.876661
0.747353
0.725259
0.861195
0.876661
0.747353
0.725259
0.861195
0.876661
0.747353
0.725259
0.861195
0.876661
0.747353
0.725259
0.861195
0.876661
0.747353
0.725259
0.861195
0.876661
0.747353
0.725259
0.861195
0.876661
0.747353
0.725259
0.861195
0.876661
0.747353
0.725259
0.861195
0.876661
0.747353
0.725259
0.861195
0.876661
0.747353
0.725259
0.861195
0.876661
0.747353
0.725259
0.861195
0.876661
0.747353
0.725259
0.861195
0.876661
0.747353
0.725259
0.861195
0.876661
0.747353
0.725259
0.861195
0.876661
0.747353
0.725259
0.861195
0.876661
0.747353
0.725259
0.861195
0.876661
0.747353
0.725259
0.861195
0.876661
0.747353
0.725259
0.861195
0.876661
0.747353
0.725259
0.861195
0.876661
0.747353
0.725259
0.861195
0.876661
0.747353
0.725259
0.861195
0.876661
0.747353
0.725259
0.861195
0.876661
0.747353
0.725259
0.861195
0.876661
0.747353
0.725259
0.861195
0.876661
0.747353
0.725259
0.861195
0.876661
0.747353
0.725259
0.861195
0.876661
0.747353
0.725259
0.861195
0.876661
0.747353
0.725259
0.861195
0.876661
0.747353
0.725259
0.861195
0.876661
0.747353
0.725259
0.861195
0.876661
0.747353
0.725259
0.861195
0.876661
0.747353
0.725259
0.861195
0.876661
0.747353
0.725259
0.861195
0.876661
0.747353
0.725259
0.861195
0.876661
0.747353
0.725259
0.861195
0.876661
0.747353
0.725259
0.861195
0.876661
0.747353
0.725259
0.861195
0.876661
0.747353
0.725259
0.861195
0.876661
0.747353
0.725259
0.861195
0.876661
0.747353
0.725259
0.861195
0.876661
0.747353
0.725259
0.861195
0.876661
0.747353
0.725259
0.861195
0.876661
0.747353
0.725259
0.861195
0.876661
0.747353
0.725259
0.861195
0.876661
0.747353
0.725259
0.861195
0.876661
0.747353
0.725259
0.861195
0.876661
0.747353
0.725259
0.861195
0.876661
0.747353
0.725259
0.861195
0.876661
0.747353
0.725259
0.861195
0.876661
0.747353
0.725259
0.861195
0.876661
0.747353
0.725259
0.861195
0.876661
0.747353
0.725259
0.861195
0.876661
0.747353
0.725259
0.861195
0.876661
0.747353
0.725259
0.861195
0.876661
0.747353
0.725259
0.861195
0.876661
0.747353
0.725259
0.861195
0.876661
0.747353
0.725259
0.861195
0.876661
0.747353
0.725259
0.861195
0.876661
0.747353
0.725259
0.861195
0.876661
0.747353
0.725259
0.861195
0.876661
0.747353
0.725259
0.861195
0.876661
0.747353
0.725259
0.861195
0.876661
0.747353
0.725259
0.861195
0.876661
0.747353
0.725259
0.861195
0.876661
0.747353
0.725259
0.861195
0.876661
0.747353
0.725259
0.861195
0.876661
0.747353
0.725259
0.861195
0.876661
0.747353
0.725259
0.861195
0.876661
0.747353
0.725259
0.861195
0.876661
0.747353
0.725259
0.861195
0.876661
0.747353
0.725259
0.861195
0.876661
0.747353
0.725259
0.861195
0.876661
0.747353
0.725259
0.861195
0.876661
0.747353
0.725259
0.861195
0.876661
0.747353
0.725259
0.861195
0.876661
0.747353
0.725259
0.861195
0.876661
0.747353
0.725259
0.861195
0.876661
0.747353
0.725259
0.861195
0.876661
0.747353
0.725259
0.861195
0.876661
0.747353
0.725259
0.861195
0.876661
0.747353
0.725259
0.861195
0.876661
0.747353
0.725259
0.861195
0.876661
0.747353
0.725259
0.861195
0.876661
0.747353
0.725259
0.861195
0.876661
0.747353
0.725259
0.861195
0.876661
0.747353
0.725259
0.861195
0.876661
0.747353
0.725259
0.861195
0.876661
0.747353
0.725259
0.861195
0.876661
0.747353
0.725259
0.861195
0.876661
0.747353
0.725259
0.861195
0.876661
0.747353
0.725259
0.861195
0.876661
0.747353
0.725259
0.861195
0.876661
0.747353
0.725259
0.861195
0.876661
0.747353
0.725259
0.861195
0.876661
0.747353
0.725259
0.861195
0.876661
0.747353
0.725259
0.861195
0.876661
0.747353
0.725259
0.861195
0.876661
0.747353
0.725259
0.861195
0.876661
0.747353
0.725259
0.861195
0.876661
0.747353
0.725259
0.861195
0.876661
0.747353
0.725259
0.861195
0.876661
0.747353
0.725259
0.861195
0.876661
0.747353
0.725259
0.861195
0.876661
0.747353
0.725259
0.861195
0.876661
0.747353
0.725259
0.861195
0.876661
0.747353
0.725259
0.861195
0.876661
0.747353
0.725259
0.861195
0.876661
0.747353
0.725259
0.861195
0.876661
0.747353
0.725259
0.861195
0.876661
0.747353
0.725259
0.861195
0.876661
0.747353
0.725259
0.861195
0.876661
0.747353
0.725259
0.861195
0.876661
0.747353
0.725259
0.861195
0.876661
0.747353
0.725259
0.861195
0.876661
0.747353
0.725259
0.861195
0.876661
0.747353
0.725259
0.861195
0.876661
0.747353
0.725259
0.861195
0.876661
0.747353
0.725259
0.861195
0.876661
0.747353
0.725259
0.861195
0.876661
0.747353
0.725259
0.861195
0.876661
0.747353
0.725259
0.861195
0.876661
0.747353
0.725259
0.861195
0.876661
0.747353
0.725259
0.861195
0.876661
0.747353
0.725259
0.861195
0.876661
0.747353
0.725259
0.861195
0.876661
0.747353
0.725259
0.861195
0.876661
0.747353
0.725259
0.861195
0.876661
0.747353
0.725259
0.861195
0.876661
0.747353
0.725259
0.861195
0.876661
0.747353
0.725259
0.861195
0.876661
0.747353
0.725259
0.861195
0.876661
0.747353
0.725259
0.861195
0.876661
0.747353
0.725259
0.861195
0.876661
0.747353
0.725259
0.861195
0.876661
0.747353
0.725259
0.861195
0.876661
0.747353
0.725259
0.861195
0.876661
0.747353
0.725259
0.861195
0.876661
0.747353
0.725259
0.861195
0.876661
0.747353
0.725259
0.861195
0.876661
0.747353
0.725259
0.861195
0.876661
0.747353
0.725259
0.861195
0.876661
0.747353
0.725259
0.861195
0.876661
0.747353
0.725259
0.861195
0.876661
0.747353
0.725259
0.861195
0.876661
0.747353
0.725259
0.861195
0.876661
0.747353
0.725259
0.861195
0.876661
0.747353
0.725259
0.861195
0.876661
0.747353
0.725259
0.861195
0.876661
0.747353
0.725259
0.861195
0.876661
0.747353
0.725259
0.861195
0.876661
0.747353
0.725259
0.861195
0.876661
0.747353
0.725259
0.861195
0.876661
0.747353
0.725259
0.861195
0.876661
0.747353
0.725259
0.861195
0.876661
0.747353
0.725259
0.861195
0.876661
0.747353
0.725259
0.861195
0.876661
0.747353
0.725259
0.861195
0.876661
0.747353
0.725259
0.861195
0.876661
0.747353
0.725259
0.861195
0.876661
0.747353
0.725259
0.861195
0.876661
0.747353
0.725259
0.861195
0.876661
0.747353
0.725259
0.861195
0.876661
0.747353
0.725259
0.861195
0.876661
0.747353
0.725259
0.861195
0.876661
0.747353
0.725259
0.861195
0.876661
0.747353
0.725259
0.861195
0.876661
0.747353
0.725259
0.861195
0.876661
0.747353
0.725259
0.861195
0.876661
0.747353
0.725259
0.861195
0.876661
0.747353
0.725259
0.861195
0.876661
0.747353
0.725259
0.861195
0.876661
0.747353
0.725259
0.861195
0.876661
0.747353
0.725259
0.861195
0.876661
0.747353
0.725259
0.861195
0.876661
0.747353
0.725259
0.861195
0.876661
0.747353
0.725259
0.861195
0.876661
0.747353
0.725259
0.861195
0.876661
0.747353
0.725259
0.861195
0.876661
0.747353
0.725259
0.861195
0.876661
0.747353
0.725259
0.861195
0.876661
0.747353
0.725259
0.861195
0.876661
0.747353
0.725259
0.861195
0.876661
0.747353
0.725259
0.861195
0.876661
0.747353
0.725259
0.861195
0.876661
0.747353
0.725259
0.861195
0.876661
0.747353
0.725259
0.861195
0.876661
0.747353
0.725259
0.861195
0.876661
0.747353
0.725259
0.861195
0.876661
0.747353
0.725259
0.861195
0.876661
0.747353
0.725259
0.861195
0.876661
0.747353
0.725259
0.861195
0.876661
0.747353
0.725259
0.861195
0.876661
0.747353
0.725259
0.861195
0.876661
0.747353
0.725259
0.861195
0.876661
0.747353
0.725259
0.861195
0.876661
0.747353
0.725259
0.861195
0.876661
0.747353
0.725259
0.861195
0.876661
0.747353
0.725259
0.861195
0.876661
0.747353
0.725259
0.861195
0.876661
0.747353
0.725259
0.861195
0.876661
0.747353
0.725259
0.861195
0.876661
0.747353
0.725259
0.861195
0.876661
0.747353
0.725259
0.861195
0.876661
0.747353
0.725259
0.861195
0.876661
0.747353
0.725259
0.861195
0.876661
0.747353
0.725259
0.861195
0.876661
0.747353
0.725259
0.861195
0.876661
0.747353
0.725259
0.861195
0.876661
0.747353
0.725259
0.861195
0.876661
0.747353
0.725259
0.861195
0.876661
0.747353
0.725259
0.861195
0.876661
0.747353
0.725259
0.861195
0.876661
0.747353
0.725259
0.861195
0.876661
0.747353
0.725259
0.861195
0.876661
0.747353
0.725259
0.861195
0.876661
0.747353
0.725259
0.861195
0.876661
0.747353
0.725259
0.861195
0.876661
0.747353
0.725259
0.861195
0.876661
0.747353
0.725259
0.861195
0.876661
0.747353
0.725259
0.861195
0.876661
0.747353
0.725259
0.861195
0.876661
0.747353
0.725259
0.861195
0.876661
0.747353
0.725259
0.861195
0.876661
0.747353
0.725259
0.861195
0.876661
0.747353
0.725259
0.861195
0.876661
0.747353
0.725259
0.861195
0.876661
0.747353
0.725259
0.861195
0.876661
0.747353
0.725259
0.861195
0.876661
0.747353
0.725259
0.861195
0.876661
0.747353
0.725259
0.861195
0.876661
0.747353
0.725259
0.861195
0.876661
0.747353
0.725259
0.861195
0.876661
0.747353
0.725259
0.861195
0.876661
0.747353
0.725259
0.861195
0.876661
0.747353
0.725259
0.861195
0.876661
0.747353
0.725259
0.861195
0.876661
0.747353
0.725259
0.861195
0.876661
0.747353
0.725259
0.861195
0.876661
0.747353
0.725259
0.861195
0.876661
0.747353
0.725259
0.861195
0.876661
0.747353
0.725259
0.861195
0.876661
0.747353
0.725259
0.861195
0.876661
0.747353
0.725259
0.861195
0.876661
0.747353
0.725259
0.861195
0.876661
0.747353
0.725259
0.861195
0.876661
0.747353
0.725259
0.861195
0.876661
0.747353
0.725259
0.861195
0.876661
0.747353
0.725259
0.861195
0.876661
0.747353
0.725259
0.861195
0.876661
0.747353
0.725259
0.861195
0.876661
0.747353
0.725259
0.861195
0.876661
0.747353
0.725259
0.861195
0.876661
0.747353
0.725259
0.861195
0.876661
0.747353
0.725259
0.861195
0.876661
0.747353
0.725259
0.861195
0.876661
0.747353
0.725259
0.861195
0.876661
0.747353
0.725259
0.861195
0.876661
0.747353
0.725259
0.861195
0.876661
0.747353
0.725259
0.861195
0.876661
0.747353
0.725259
0.861195
0.876661
0.747353
0.725259
0.861195
0.876661
0.747353
0.725259
0.861195
0.876661
0.747353
0.725259
0.861195
0.876661
0.747353
0.725259
0.861195
0.876661
0.747353
0.725259
0.861195
0.876661
0.747353
0.725259
0.861195
0.876661
0.747353
0.725259
0.861195
0.876661
0.747353
0.725259
0.861195
0.876661
0.747353
0.725259
0.861195
0.876661
0.747353
0.725259
0.861195
0.876661
0.747353
0.725259
0.861195
0.876661
0.747353
0.725259
0.861195
0.876661
0.747353
0.725259
0.861195
0.876661
0.747353
0.725259
0.861195
0.876661
0.747353
0.725259
0.861195
0.876661
0.747353
0.725259
0.861195
0.876661
0.747353
0.725259
0.861195
0.876661
0.747353
0.725259
0.861195
0.876661
0.747353
0.725259
0.861195
0.876661
0.747353
0.725259
0.861195
0.876661
0.747353
0.725259
0.861195
0.876661
0.747353
0.725259
0.861195
0.876661
0.747353
0.725259
0.861195
0.876661
0.747353
0.725259
0.861195
0.876661
0.747353
0.725259
0.861195
0.876661
0.747353
0.725259
0.861195
0.876661
0.747353
0.725259
0.861195
0.876661
0.747353
0.725259
0.861195
0.876661
0.747353
0.725259
0.861195
0.876661
0.747353
0.725259
0.861195
0.876661
0.747353
0.725259
0.861195
0.876661
0.747353
0.725259
0.861195
0.876661
0.747353
0.725259
0.861195
0.876661
0.747353
0.725259
0.861195
0.876661
0.747353
0.725259
0.861195
0.876661
0.747353
0.725259
0.861195
0.876661
0.747353
0.725259
0.861195
0.876661
0.747353
0.725259
0.861195
0.876661
0.747353
0.725259
0.861195
0.876661
0.747353
0.725259
0.861195
0.876661
0.747353
0.725259
0.861195
0.876661
0.747353
0.725259
0.861195
0.876661
0.747353
0.725259
0.861195
0.876661
0.747353
0.725259
0.861195
0.876661
0.747353
0.725259
0.861195
0.876661
0.747353
0.725259
0.861195
0.876661
0.747353
0.725259
0.861195
0.876661
0.747353
0.725259
0.861195
0.876661
0.747353
0.725259
0.861195
0.876661
0.747353
0.725259
0.861195
0.876661
0.747353
0.725259
0.861195
0.876661
0.747353
0.725259
0.861195
0.876661
0.747353
0.725259
0.861195
0.876661
0.747353
0.725259
0.861195
0.876661
0.747353
0.725259
0.861195
0.876661
0.747353
0.725259
0.861195
0.876661
0.747353
0.725259
0.861195
0.876661
0.747353
0.725259
0.861195
0.876661
0.747353
0.725259
0.861195
0.876661
0.747353
0.725259
0.861195
0.876661
0.747353
0.725259
0.861195
0.876661
0.747353
0.725259
0.861195
0.876661
0.747353
0.725259
0.861195
0.876661
0.747353
0.725259
0.861195
0.876661
0.747353
0.725259
0.861195
0.876661
0.747353
0.725259
0.861195
0.876661
0.747353
0.725259
0.861195
0.876661
0.747353
0.725259
0.861195
0.876661
0.747353
0.725259
0.861195
0.876661
0.747353
0.725259
0.861195
0.876661
0.747353
0.725259
0.861195
0.876661
0.747353
0.725259
0.861195
0.876661
0.747353
0.725259
0.861195
0.876661
0.747353
0.725259
0.861195
0.876661
0.747353
0.725259
0.861195
0.876661
0.747353
0.725259
0.861195
0.876661
0.747353
0.725259
0.861195
0.876661
0.747353
0.725259
0.861195
0.876661
0.747353
0.725259
0.861195
0.876661
0.747353
0.725259
0.861195
0.876661
0.747353
0.725259
0.861195
0.876661
0.747353
0.725259
0.861195
0.876661
0.747353
0.725259
0.861195
0.876661
0.747353
0.725259
0.861195
0.876661
0.747353
0.725259
0.861195
0.876661
0.747353
0.725259
0.861195
0.876661
0.747353
0.725259
0.861195
0.876661
0.747353
0.725259
0.861195
0.876661
0.747353
0.725259
0.861195
0.876661
0.747353
0.725259
0.861195
0.876661
0.747353
0.725259
0.861195
0.876661
0.747353
0.725259
0.861195
0.876661
0.747353
0.725259
0.861195
0.876661
0.747353
0.725259
0.861195
0.876661
0.747353
0.725259
0.861195
0.876661
0.747353
0.725259
0.861195
0.876661
0.747353
0.725259
0.861195
0.876661
0.747353
0.725259
0.861195
0.876661
0.747353
0.725259
0.861195
0.876661
0.747353
0.725259
0.861195
0.876661
0.747353
0.725259
0.861195
0.876661
0.747353
0.725259
0.861195
0.876661
0.747353
0.725259
0.861195
0.876661
0.747353
0.725259
0.861195
0.876661
0.747353
0.725259
0.861195
0.876661
0.747353
0.725259
0.861195
0.876661
0.747353
0.725259
0.861195
0.876661
0.747353
0.725259
0.861195
0.876661
0.747353
0.725259
0.861195
0.876661
0.747353
0.725259
0.861195
0.876661
0.747353
0.725259
0.861195
0.876661
0.747353
0.725259
0.861195
0.876661
0.747353
0.725259
0.861195
0.876661
0.747353
0.725259
0.861195
0.876661
0.747353
0.725259
0.861195
0.876661
0.747353
0.725259
0.861195
0.876661
0.747353
0.725259
0.861195
0.876661
0.747353
0.725259
0.861195
0.876661
0.747353
0.725259
0.861195
0.876661
0.747353
0.725259
0.861195
0.876661
0.747353
0.725259
0.861195
0.876661
0.747353
0.725259
0.861195
0.876661
0.747353
0.725259
0.861195
0.876661
0.747353
0.725259
0.861195
0.876661
0.747353
0.725259
0.861195
0.876661
0.747353
0.725259
0.861195
0.876661
0.747353
0.725259
0.861195
0.876661
0.747353
0.725259
0.861195
0.876661
0.747353
0.725259
0.861195
0.876661
0.747353
0.725259
0.861195
0.876661
0.747353
0.725259
0.861195
0.876661
0.747353
0.725259
0.861195
0.876661
0.747353
0.725259
0.861195
0.876661
0.747353
0.725259
0.861195
0.876661
0.747353
0.725259
0.861195
0.876661
