125
0.2
4
0.26
0.26
0.269967
0.269967
0.317901
0.317407
0.338513
0.338986
0.373527
0.372137
0.40475
0.406059
0.426266
0.423705
0.46749
0.469847
0.475314
0.471433
0.525567
0.529041
0.51986
0.514616
0.578053
0.582613
0.5592
0.552612
0.624339
0.629905
0.592777
0.584884
0.664108
0.670601
0.620161
0.610987
0.697253
0.704627
0.641012
0.630542
0.72378
0.732046
0.655042
0.643207
0.743712
0.752955
0.661997
0.648672
0.757022
0.767411
0.661677
0.646692
0.763591
0.775386
0.654008
0.637177
0.763219
0.776768
0.639141
0.620314
0.755686
0.771399
0.617575
0.596694
0.740881
0.759178
0.590228
0.567389
0.718989
0.740202
0.558433
0.533909
0.690659
0.714928
0.523821
0.498041
0.657093
0.684286
0.488149
0.461628
0.61999
0.64969
0.453103
0.426362
0.581339
0.612922
0.420163
0.393652
0.543171
0.575927
0.390536
0.364594
0.507342
0.540599
0.365164
0.340002
0.475416
0.50863
0.344772
0.320479
0.448653
0.481439
0.329933
0.306497
0.428042
0.460178
0.321118
0.298449
0.41436
0.445757
0.318721
0.296676
0.408207
0.438875
0.323038
0.301443
0.409991
0.439993
0.334192
0.312869
0.419853
0.449264
0.352034
0.330823
0.437554
0.466422
0.376035
0.354816
0.462367
0.490677
0.405237
0.383948
0.493035
0.520705
0.438289
0.416931
0.527865
0.554755
0.473576
0.452206
0.564935
0.590875
0.509406
0.488112
0.602344
0.62718
0.544178
0.523054
0.638425
0.662054
0.576503
0.555615
0.671863
0.694253
0.605245
0.584613
0.701702
0.722903
0.629512
0.609091
0.727292
0.747436
0.648603
0.628282
0.748194
0.767488
0.661949
0.641551
0.764084
0.782807
0.669078
0.648366
0.774667
0.793168
0.669603
0.648295
0.779621
0.798319
0.663261
0.641059
0.778573
0.797955
0.649997
0.62663
0.771135
0.791737
0.630078
0.60536
0.757002
0.779366
0.604183
0.57807
0.736105
0.760706
0.573433
0.546063
0.708802
0.735938
0.539316
0.511002
0.675997
0.705701
0.503529
0.474703
0.639147
0.67115
0.46778
0.438918
0.600106
0.633885
0.433625
0.405162
0.560881
0.595771
0.402369
0.374644
0.523387
0.558717
0.375046
0.348279
0.489291
0.524487
0.352453
0.326742
0.459954
0.494596
0.335209
0.310547
0.436451
0.470283
0.323817
0.300114
0.419628
0.452541
0.318699
0.295805
0.410146
0.442141
0.320195
0.297926
0.408489
0.439638
0.328508
0.306667
0.414914
0.445315
0.343616
0.322019
0.429354
0.459085
0.365156
0.343653
0.451287
0.480379
0.392351
0.370844
0.479673
0.508084
0.424001
0.402457
0.512977
0.5406
0.458579
0.437028
0.54934
0.576022
0.494403
0.472918
0.58682
0.612405
0.529814
0.508486
0.623632
0.647999
0.563325
0.54223
0.658305
0.681398
0.593692
0.57287
0.689737
0.711578
0.619929
0.599358
0.71716
0.737852
0.641259
0.620855
0.740059
0.759784
0.657066
0.636677
0.758072
0.777083
0.666843
0.646253
0.770902
0.789522
0.670163
0.649105
0.778242
0.796864
0.666704
0.644881
0.779741
0.798826
0.656313
0.633436
0.775008
0.795077
0.63911
0.614949
0.763687
0.78529
0.615593
0.590038
0.745591
0.769242
0.586703
0.559815
0.720877
0.746962
0.553792
0.525812
0.690215
0.718887
0.51849
0.489812
0.654841
0.685956
0.482527
0.453617
0.616472
0.649602
0.447537
0.418855
0.577082
0.611606
0.414936
0.386866
0.53865
0.573884
0.38587
0.358682
0.502959
0.538279
0.361226
0.335069
0.471497
0.506416
0.341692
0.316598
0.445454
0.479649
0.327811
0.303723
0.425763
0.459068
0.320038
0.296827
0.413159
0.445534
0.31875
0.296243
0.408201
0.439695
0.324215
0.302219
0.411253
0.441955
0.336519
0.314841
0.422394
0.452399
0.355454
0.333926
0.441308
0.470667
0.380421
0.358922
0.46717
0.495876
0.410388
0.388859
0.498641
0.52661
0.443948
0.422393
0.53397
0.561063
0.479461
0.457938
0.571216
0.597275
0.515237
0.493833
0.608505
0.63339
0.549704
0.528505
0.644223
0.667848
0.581513
0.560576
0.677114
0.699468
0.609573
0.588904
0.70628
0.727432
0.633026
0.612568
0.73111
0.751211
0.651197
0.630825
0.751193
0.770466
0.663538
0.643062
0.766214
0.784953
0.669589
0.648761
0.775877
0.794446
0.66898
0.647512
0.779851
0.798683
0.661475
0.63907
0.777757
0.797351
0.647068
0.623463
0.769212
0.790111
0.626088
0.601116
0.753938
0.776681
0.59929
0.572937
0.731927
0.756966
0.567865
0.540299
0.70362
0.731216
0.533348
0.504906
0.670021
0.700157
0.497453
0.46858
0.632666
0.665026
0.461871
0.433042
0.593455
0.627482
0.428122
0.399757
0.554394
0.589414
0.397464
0.369885
0.517364
0.552717
0.370888
0.344292
0.483983
0.519118
0.349157
0.323623
0.45556
0.490085
0.332866
0.308371
0.433128
0.466815
0.322502
0.298945
0.417499
0.450259
0.318477
0.295701
0.409306
0.441156
0.321111
0.298927
0.408998
0.440018
0.330578
0.308789
0.416789
0.447074
0.346804
0.325232
0.43254
0.462165
