125
0.2
4
0.26
0.18837
0.269967
0.269967
0.317901
0.169922
0.335087
0.338986
0.373361
0.14874
0.39533
0.405908
0.425705
0.127441
0.450494
0.46935
0.474135
0.107535
0.50029
0.528031
0.517889
0.0897521
0.544415
0.580981
0.556315
0.0743254
0.582596
0.627592
0.58889
0.061203
0.614606
0.667574
0.615198
0.0501898
0.640253
0.700858
0.634891
0.0410338
0.659354
0.727482
0.647655
0.0334739
0.67172
0.747504
0.653204
0.0272644
0.677152
0.760924
0.651314
0.0221853
0.67548
0.767651
0.641907
0.0180456
0.666639
0.767504
0.625179
0.0146828
0.650781
0.760279
0.601724
0.0119608
0.6284
0.745871
0.572609
0.00976692
0.600399
0.72445
0.539333
0.00800944
0.568092
0.696634
0.503664
0.00661513
0.533084
0.663578
0.467429
0.00552742
0.497096
0.626926
0.432305
0.0047051
0.461785
0.588628
0.399694
0.00412144
0.42861
0.550695
0.370696
0.00376348
0.398766
0.514986
0.346134
0.00363102
0.373198
0.48309
0.326629
0.00373445
0.352641
0.456293
0.312666
0.00409004
0.337681
0.435616
0.304656
0.00471131
0.328807
0.421862
0.30295
0.00559557
0.326425
0.415649
0.307817
0.0067071
0.330839
0.417394
0.319373
0.00796309
0.342168
0.427237
0.337473
0.00923238
0.360245
0.444926
0.361609
0.0103556
0.384504
0.469711
0.390854
0.0111847
0.41394
0.50031
0.423895
0.0116233
0.44715
0.53501
0.459154
0.0116486
0.482481
0.571879
0.494964
0.011304
0.518224
0.60902
0.529736
0.0106732
0.552787
0.644782
0.56207
0.0098516
0.584804
0.677871
0.590807
0.00892663
0.613176
0.707358
0.615015
0.00796822
0.637046
0.732616
0.633946
0.00702721
0.655743
0.753228
0.646987
0.00613765
0.668728
0.768888
0.653618
0.00532035
0.675545
0.779316
0.653421
0.00458635
0.675823
0.784204
0.646123
0.00393978
0.669309
0.783194
0.631701
0.00338025
0.655955
0.775908
0.610503
0.00290466
0.63603
0.762043
0.583345
0.00250866
0.610208
0.741523
0.551512
0.00218801
0.579597
0.714674
0.516645
0.00193973
0.545662
0.682355
0.480536
0.00176325
0.51007
0.645966
0.444914
0.00166169
0.474503
0.607311
0.411282
0.00164307
0.440494
0.568365
0.380846
0.00172149
0.40934
0.531035
0.354526
0.00191793
0.382082
0.497001
0.333012
0.00225991
0.35953
0.467653
0.316835
0.00277911
0.342324
0.444094
0.306431
0.00350532
0.330992
0.4272
0.302175
0.00445566
0.325975
0.417652
0.30438
0.00561921
0.327628
0.415948
0.313238
0.00694108
0.336161
0.422349
0.328728
0.00831478
0.351542
0.436775
0.350505
0.00959317
0.373385
0.45869
0.37782
0.0106213
0.400868
0.487026
0.409511
0.0112796
0.432742
0.520226
0.444091
0.0115159
0.467437
0.556416
0.479909
0.0113501
0.503245
0.593652
0.515328
0.010854
0.538507
0.63016
0.548859
0.0101222
0.571755
0.664491
0.57924
0.00924827
0.60178
0.695566
0.605452
0.00831066
0.62763
0.722643
0.626675
0.00736872
0.648565
0.745229
0.642247
0.00646362
0.663996
0.762983
0.651613
0.0056217
0.673439
0.775622
0.654309
0.00485802
0.676484
0.782856
0.649992
0.00417955
0.672821
0.784346
0.638521
0.00358779
0.662306
0.779716
0.620076
0.00308074
0.645061
0.768614
0.595272
0.00265455
0.621586
0.75085
0.565204
0.00230492
0.592809
0.726562
0.531388
0.00202829
0.560064
0.696379
0.49558
0.00182302
0.524957
0.661483
0.45956
0.00169061
0.489183
0.623535
0.424938
0.00163692
0.454355
0.58447
0.393046
0.00167346
0.421874
0.546248
0.36492
0.00181831
0.392886
0.510658
0.341336
0.00209646
0.368291
0.479212
0.322883
0.00253836
0.348793
0.453127
0.310029
0.00317562
0.33496
0.433368
0.303175
0.00403228
0.327267
0.420693
0.302661
0.00511115
0.326111
0.41568
0.308739
0.00637729
0.33177
0.418697
0.321492
0.00774562
0.344328
0.429822
0.340722
0.00908308
0.363557
0.448722
0.365852
0.0102328
0.388824
0.474551
0.395888
0.0110556
0.419047
0.505943
0.429462
0.011469
0.452773
0.541127
0.464969
0.0114641
0.488327
0.578158
0.500746
0.0110945
0.524007
0.615166
0.535229
0.0104489
0.558255
0.650555
0.567058
0.00962353
0.589751
0.683092
0.595114
0.00870408
0.617438
0.711904
0.6185
0.00775796
0.640496
0.736405
0.636495
0.00683358
0.65828
0.756205
0.648504
0.00596299
0.670267
0.771004
0.654023
0.00516552
0.676017
0.780524
0.652654
0.00445117
0.675173
0.784448
0.644157
0.00382343
0.66751
0.782409
0.628565
0.00328154
0.653027
0.774034
0.606299
0.00282225
0.632054
0.759047
0.578257
0.00244129
0.605341
0.737426
0.545795
0.00213463
0.574064
0.709582
0.510595
0.00189971
0.539733
0.676467
0.474455
0.00173657
0.504032
0.639564
0.439072
0.0016491
0.468626
0.600721
0.405903
0.00164631
0.435015
0.561918
0.376103
0.00174348
0.404452
0.525033
0.35055
0.00196276
0.377935
0.4917
0.329901
0.00233265
0.356242
0.463255
0.314667
0.00288507
0.339991
0.440763
0.305273
0.00364858
0.329693
0.425062
0.302085
0.00463676
0.325777
0.416805
0.305401
0.00583233
0.328578
0.416454
0.315384
0.00717186
0.338275
0.424222
0.331967
0.00854066
0.354782
0.439961
