25
1
4
0.5
0.141851
0.549834
0.549834
0.698775
0.0154152
0.727767
0.800801
0.697678
0.00165891
0.716001
0.837135
0.504996
0.000535083
0.535634
0.702059
0.284301
0.000693965
0.319457
0.444932
0.252674
0.00591727
0.277233
0.345367
0.413977
0.0298748
0.432048
0.499454
0.643269
0.0193869
0.665268
0.7482
0.712268
0.00287343
0.732775
0.839515
0.575757
0.000695094
0.602284
0.758577
0.331743
0.000523718
0.367414
0.514562
0.241012
0.00297698
0.269046
0.346927
0.351044
0.0226468
0.369679
0.433514
0.588152
0.0275469
0.608929
0.687798
0.713356
0.00497064
0.734613
0.831954
0.634819
0.000952096
0.658194
0.799777
0.394249
0.000475412
0.42875
0.591529
0.245237
0.00152773
0.276694
0.3699
0.300652
0.0147051
0.320939
0.383601
0.52179
0.0327525
0.541053
0.615577
0.698133
0.00882735
0.720249
0.810613
0.67837
0.00139796
0.699619
0.825909
0.466266
0.000505443
0.498137
0.666138
0.266155
0.000874197
0.300332
0.413847
0.265204
0.00834349
0.288085
0.353144
