25
4
0.310052
0.310052
0.317167
0.317167
0.398094
0.397827
0.414488
0.414712
0.468519
0.467688
0.495041
0.495715
0.524842
0.523176
0.561523
0.562837
0.569876
0.567156
0.616265
0.618358
0.605874
0.601938
0.661251
0.664216
0.63464
0.629384
0.698159
0.702046
0.657619
0.650991
0.728394
0.733222
0.675966
0.667958
0.75313
0.758891
0.690608
0.681247
0.773345
0.780012
0.702289
0.691625
0.789846
0.797379
0.7116
0.699705
0.803302
0.81165
0.719019
0.705974
0.814264
0.823373
0.724925
0.710819
0.823186
0.832998
0.729623
0.714549
0.830441
0.840897
0.733358
0.717406
0.836335
0.847377
0.736323
0.719584
0.841119
0.852692
0.738676
0.721233
0.844999
0.857048
0.74054
0.722472
0.848142
0.860619
0.742015
0.723396
0.850686
0.863544
0.74318
0.724078
0.852743
0.865939
0.7441
0.724575
0.854406
0.867901
0.744825
0.72493
0.855747
0.869506
0.745394
0.72518
0.856829
0.870819
0.745842
0.72535
0.857701
0.871893
