125
0.2
4
0.310052
0.310052
0.317167
0.317167
0.398094
0.397827
0.414488
0.414712
0.468519
0.467688
0.495041
0.495715
0.524842
0.523176
0.561523
0.562837
0.569876
0.567156
0.616265
0.618358
0.605874
0.601938
0.661251
0.664216
0.63464
0.629384
0.698159
0.702046
0.657619
0.650991
0.728394
0.733222
0.675966
0.667958
0.75313
0.758891
0.690608
0.681247
0.773345
0.780012
0.702289
0.691625
0.789846
0.797379
0.7116
0.699705
0.803302
0.81165
0.719019
0.705974
0.814264
0.823373
0.724925
0.710819
0.823186
0.832998
0.729623
0.714549
0.830441
0.840897
0.733358
0.717406
0.836335
0.847377
0.736323
0.719584
0.841119
0.852692
0.738676
0.721233
0.844999
0.857048
0.74054
0.722472
0.848142
0.860619
0.742015
0.723396
0.850686
0.863544
0.74318
0.724078
0.852743
0.865939
0.7441
0.724575
0.854406
0.867901
0.744825
0.72493
0.855747
0.869506
0.745394
0.72518
0.856829
0.870819
0.745842
0.72535
0.857701
0.871893
0.746192
0.725461
0.858402
0.872771
0.746465
0.725529
0.858966
0.873489
0.746678
0.725566
0.859418
0.874075
0.746843
0.72558
0.859781
0.874554
0.746971
0.725579
0.860072
0.874945
0.747069
0.725568
0.860304
0.875264
0.747145
0.72555
0.86049
0.875525
0.747202
0.725529
0.860638
0.875737
0.747246
0.725505
0.860756
0.87591
0.747279
0.725481
0.86085
0.876051
0.747303
0.725458
0.860925
0.876166
0.747321
0.725435
0.860984
0.876259
0.747334
0.725415
0.86103
0.876335
0.747344
0.725395
0.861067
0.876397
0.74735
0.725378
0.861096
0.876447
0.747355
0.725362
0.861119
0.876488
0.747358
0.725348
0.861137
0.876521
0.74736
0.725336
0.861151
0.876548
0.74736
0.725325
0.861162
0.87657
0.747361
0.725315
0.86117
0.876588
0.747361
0.725307
0.861177
0.876602
0.74736
0.7253
0.861182
0.876614
0.74736
0.725293
0.861185
0.876623
0.747359
0.725288
0.861188
0.876631
0.747358
0.725283
0.861191
0.876637
0.747358
0.725279
0.861192
0.876642
0.747357
0.725276
0.861193
0.876646
0.747356
0.725273
0.861194
0.876649
0.747356
0.72527
0.861195
0.876652
0.747355
0.725268
0.861196
0.876654
0.747355
0.725267
0.861196
0.876656
0.747354
0.725265
0.861196
0.876657
0.747354
0.725264
0.861196
0.876658
0.747353
0.725263
0.861196
0.876659
0.747353
0.725262
0.861196
0.87666
0.747353
0.725261
0.861196
0.87666
0.747352
0.72526
0.861196
0.876661
0.747352
0.72526
0.861196
0.876661
0.747352
0.725259
0.861196
0.876661
0.747352
0.725259
0.861196
0.876661
0.747352
0.725258
0.861196
0.876662
0.747352
0.725258
0.861196
0.876662
0.747352
0.725258
0.861196
0.876662
0.747351
0.725258
0.861196
0.876662
0.747351
0.725258
0.861196
0.876662
0.747351
0.725257
0.861196
0.876662
0.747351
0.725257
0.861196
0.876662
0.747351
0.725257
0.861196
0.876662
0.747351
0.725257
0.861196
0.876662
0.747351
0.725257
0.861196
0.876662
0.747351
0.725257
0.861196
0.876662
0.747351
0.725257
0.861196
0.876662
0.747351
0.725257
0.861196
0.876662
0.747351
0.725257
0.861196
0.876662
0.747351
0.725257
0.861196
0.876662
0.747351
0.725257
0.861196
0.876662
0.747351
0.725257
0.861196
0.876662
0.747351
0.725257
0.861196
0.876662
0.747351
0.725257
0.861196
0.876662
0.747351
0.725257
0.861196
0.876662
0.747351
0.725257
0.861196
0.876662
0.747351
0.725257
0.861196
0.876662
0.747351
0.725257
0.861196
0.876662
0.747351
0.725257
0.861196
0.876662
0.747351
0.725257
0.861196
0.876662
0.747351
0.725257
0.861196
0.876662
0.747351
0.725257
0.861196
0.876662
0.747351
0.725257
0.861196
0.876662
0.747351
0.725257
0.861196
0.876662
0.747351
0.725257
0.861196
0.876662
0.747351
0.725257
0.861196
0.876662
0.747351
0.725257
0.861196
0.876662
0.747351
0.725257
0.861196
0.876662
0.747351
0.725257
0.861196
0.876662
0.747351
0.725257
0.861196
0.876662
0.747351
0.725257
0.861196
0.876662
0.747351
0.725257
0.861196
0.876662
0.747351
0.725257
0.861196
0.876662
0.747351
0.725257
0.861196
0.876662
0.747351
0.725257
0.861196
0.876662
0.747351
0.725257
0.861196
0.876662
0.747351
0.725257
0.861196
0.876662
0.747351
0.725257
0.861196
0.876662
0.747351
0.725257
0.861196
0.876662
0.747351
0.725257
0.861196
0.876662
0.747351
0.725257
0.861196
0.876662
0.747351
0.725257
0.861196
0.876662
0.747351
0.725257
0.861196
0.876662
0.747351
0.725257
0.861196
0.876662
0.747351
0.725257
0.861196
0.876662
0.747351
0.725257
0.861196
0.876662
0.747351
0.725257
0.861196
0.876662
0.747351
0.725257
0.861196
0.876662
0.747351
0.725257
0.861196
0.876662
0.747351
0.725257
0.861196
0.876662
0.747351
0.725257
0.861196
0.876662
0.747351
0.725257
0.861196
0.876662
0.747351
0.725257
0.861196
0.876662
0.747351
0.725257
0.861196
0.876662
0.747351
0.725257
0.861196
0.876662
